10000 9999
0 761
0 4316
0 437
0 4091
1 2645
1 3650
1 8999
2 6335
3 3037
3 7875
4 3059
4 7790
4 3150
5 5624
5 1974
5 9193
6 2878
6 7349
7 6894
8 8983
8 9833
8 5726
9 3024
10 5516
11 6901
12 4726
13 262
13 7521
14 4561
15 4402
15 8130
16 9157
16 8317
17 7206
17 1777
17 3284
18 6543
18 8724
19 9054
20 654
21 2139
22 6607
23 1159
23 8385
24 3044
25 9951
25 4756
25 2672
25 1524
26 6775
27 3734
28 6933
28 744
29 2143
29 7164
30 833
31 3015
31 8448
31 4970
32 8852
33 3930
33 1888
34 6569
34 6134
35 7577
36 4344
36 582
37 2965
37 7455
38 6270
39 2119
39 5648
40 5761
41 2476
42 5019
42 5704
43 3189
43 329
44 9068
44 8822
45 4247
45 7286
46 3748
46 5492
46 7864
46 9381
46 9716
46 6140
47 7234
48 8564
49 1457
49 1554
49 926
50 2485
50 2124
51 5082
51 8401
52 2403
53 2343
53 5105
54 4745
54 870
55 3131
55 1778
56 1264
56 1849
57 4860
58 3662
58 6910
59 6723
59 7920
59 3302
60 8418
61 7151
61 7193
62 5232
62 8738
63 4541
63 6297
63 7290
64 5814
64 1360
64 4908
65 8176
65 5264
66 110
66 5080
66 8510
66 9729
67 6101
67 7265
67 4373
68 5027
68 4785
68 1943
68 5615
69 9750
69 2744
69 3398
70 5531
70 8850
70 9458
71 8024
72 335
73 5619
73 5041
74 8260
74 376
74 4360
75 4088
76 6549
76 8649
76 974
76 5874
77 5297
77 6270
78 4506
78 5337
78 1401
78 284
79 841
79 5107
79 6029
79 5902
80 305
80 812
80 2756
81 6605
81 8854
81 204
82 9958
83 3972
83 190
83 3646
84 4323
85 2071
85 3660
86 8057
86 4223
87 8569
88 3844
89 4270
89 5649
89 8229
89 4545
90 7014
91 508
91 1869
92 769
93 6962
93 1550
94 5046
94 4540
95 3780
95 1584
96 5988
97 300
97 9328
97 4304
98 2130
98 7708
98 9223
98 3021
98 3632
99 7520
99 1040
100 9506
101 7731
101 720
102 2806
102 8947
103 7447
103 4558
104 1943
105 7969
105 9720
106 4528
106 8608
106 9144
106 1846
107 9810
107 3350
108 6982
109 8686
110 3122
111 4525
111 1454
111 7261
112 2259
112 2656
112 9336
113 1606
113 1871
114 3323
114 7834
115 7750
116 4980
116 9363
116 6237
117 6427
118 5155
118 8851
118 1385
119 9583
120 6731
120 3114
121 186
121 1354
121 5940
122 6931
122 8349
122 6983
123 2139
124 9614
125 1711
125 8229
126 4985
126 2170
126 4047
127 8651
128 4185
128 8694
129 2156
130 8201
130 678
130 7024
131 5794
132 7785
132 6106
133 3871
133 5079
133 7530
134 2592
135 3960
136 4070
136 8329
136 7693
137 7324
138 5519
138 6390
139 4966
139 8453
139 4557
140 7680
140 6140
141 611
142 6852
142 2687
142 212
143 6057
143 6107
143 581
144 1075
144 8136
145 7528
146 9105
147 5198
147 915
147 2377
148 1901
148 5941
148 4754
149 7649
149 4098
150 9670
150 9461
150 8081
150 6106
151 4748
151 6787
152 2559
152 7703
153 7026
153 7409
154 8876
155 3115
155 6600
156 5582
156 8607
157 6617
158 8345
158 8691
159 2820
160 5680
160 6518
161 7498
161 8156
162 577
162 5678
162 1503
163 813
164 2330
165 8877
165 1196
166 7324
166 6258
166 3219
167 228
167 2139
167 7523
168 3308
169 3171
169 2171
169 4067
170 770
170 3049
171 255
171 2846
172 4043
172 347
172 5067
173 6384
173 5588
174 8525
174 8759
174 9583
175 7076
175 8456
175 6710
176 3593
176 3484
176 1887
177 5565
178 4345
178 7870
178 8804
179 2479
179 6256
179 1459
179 6099
180 2914
180 5066
181 3902
182 3396
182 7144
182 8970
182 6302
183 5097
183 9816
184 2956
184 9710
184 2423
185 2439
186 3512
187 7594
187 2839
187 5697
188 9659
188 3053
188 8468
189 2958
189 6226
190 8033
190 8581
190 8348
191 4865
192 6904
192 5836
193 219
194 2798
194 9136
195 5885
195 3791
196 3830
197 3950
198 7685
198 8622
198 9560
199 3254
200 4899
200 9017
200 423
201 9426
201 8814
202 3948
202 4575
203 3249
204 3977
205 5287
206 2818
206 3992
206 9324
207 7760
207 1102
207 4350
207 9775
207 6073
208 6417
209 3764
209 8696
209 6767
210 4220
210 8058
211 9878
211 9710
212 1034
212 8827
213 9146
214 3220
214 7001
214 9266
214 6847
214 1205
215 9787
215 7504
216 2224
216 9644
216 1271
217 451
218 6340
219 6714
220 9283
221 4434
222 3012
222 3827
222 1997
223 4577
224 8305
225 6588
226 1424
226 1946
226 3327
226 1304
227 2896
227 1869
227 929
229 5631
230 4292
230 1579
231 9643
231 2458
231 7296
232 2214
232 7579
233 6080
233 5917
233 3230
234 7015
235 955
236 3989
237 9046
238 9454
238 2753
239 9283
239 279
240 4117
240 9378
240 7901
241 8589
242 5583
242 7231
243 2546
243 2394
244 4444
244 8149
244 4572
245 2189
246 2560
247 6474
247 3452
248 8906
249 6057
250 9975
250 7391
251 918
252 1594
253 4267
254 1894
254 7730
256 5841
256 4026
256 5431
257 2068
258 6260
258 1618
259 3762
259 4009
259 8412
259 9173
260 6753
261 7478
263 9407
263 3942
264 2581
264 5454
265 2855
266 9554
267 3701
267 6207
268 8439
269 4073
269 5274
269 1985
270 272
270 8737
271 9028
271 5069
273 3621
274 3525
274 3197
275 4979
275 9359
276 5176
277 3229
278 8469
278 4284
278 4351
279 1018
279 9567
280 8986
280 3248
281 8767
282 4211
282 8749
283 9822
283 3060
284 5894
285 1307
285 9972
285 3867
286 2962
286 2172
287 7566
287 834
288 4312
289 5964
289 3432
290 9404
291 8420
292 2118
293 7706
293 4439
294 6246
295 3161
295 6786
296 1190
296 8654
297 3660
298 2629
299 7493
301 7416
302 2254
302 7628
303 4322
304 1171
304 5249
304 6212
306 3660
307 1977
307 2430
307 5525
307 9559
308 7382
309 8550
309 7589
310 7221
310 8859
310 6563
310 7523
311 3379
311 4372
312 484
312 4492
312 2117
312 2568
313 3378
314 5601
314 1664
314 9417
315 6818
316 555
316 7609
317 452
318 1723
319 623
320 2809
321 3179
321 5933
321 2060
322 8227
322 9780
323 2679
323 1052
323 1670
324 6286
324 1677
325 7516
325 9896
326 3893
327 2252
328 5159
328 4390
328 641
328 1055
329 9282
330 9281
330 6301
331 1088
332 5539
333 3865
334 3133
335 1266
335 4339
336 3180
336 3647
337 553
337 2110
337 1222
338 8284
339 2594
340 9306
340 9429
341 4855
341 3407
342 6214
342 8585
343 3913
343 4167
344 1597
345 5066
345 5226
346 4533
346 6517
347 6697
348 7517
348 3720
349 7303
349 4542
350 2714
350 3298
351 4261
351 5886
352 6587
353 3862
354 9860
354 495
355 4942
356 2445
356 712
357 3067
357 736
357 9284
357 8817
358 6075
358 2528
359 7502
360 8980
360 3107
361 9712
362 8000
362 9505
362 5657
363 1736
363 4661
363 9222
363 6550
364 3336
364 3032
365 5153
365 7802
365 4566
366 3069
367 9653
368 7373
369 6844
369 4216
369 4195
370 4639
370 5597
370 7540
370 3187
371 7946
371 9785
371 1005
372 2780
373 3143
373 5308
374 2809
374 7174
374 7257
374 9433
375 8055
375 9174
375 6663
375 5995
376 5637
376 7228
377 9231
377 4268
377 8115
378 1470
379 3751
379 573
380 8189
381 6496
382 554
382 3835
383 5287
383 2936
384 1156
385 6695
386 5064
386 560
387 3480
387 8178
388 7049
388 7759
389 7311
390 5978
390 3523
391 3514
391 1190
392 8975
392 2851
393 3050
393 7202
394 1041
394 2161
394 9581
395 3615
396 4223
397 9004
397 7059
398 3919
398 8994
398 7855
399 7121
399 5507
400 2139
401 9451
402 4803
403 587
403 4503
403 3600
404 815
405 6309
406 6791
406 4663
407 6504
408 1194
408 2621
408 1691
409 4461
409 3665
410 2295
410 3721
411 4708
412 8950
413 1352
413 2105
413 7748
414 3909
414 5634
415 2049
415 3230
415 7398
416 5911
416 7783
416 7902
417 8365
417 4489
417 7473
418 2901
419 3094
419 9138
420 9308
421 4434
421 2124
422 8287
423 4832
423 9853
423 8817
424 963
424 2449
424 8658
425 5870
425 6393
426 4716
426 690
427 6153
427 9087
428 8316
428 681
429 3425
430 4525
431 689
431 7762
432 9008
432 3299
433 9958
433 8067
434 3829
434 3690
435 3724
435 4404
436 3468
436 5883
437 6180
438 6950
438 8607
438 1883
439 2362
439 9155
439 7041
440 7432
440 9201
440 3465
441 4886
441 5494
442 2481
443 3541
443 3857
443 9714
443 6730
444 2393
444 6078
445 7319
445 7759
445 5635
446 8967
447 4267
447 5724
447 7813
447 2118
448 8515
448 6493
449 8402
449 7200
450 4043
451 1245
452 8778
452 2288
453 6761
453 5863
454 4929
455 8713
456 7444
457 2792
457 1245
457 1812
458 8204
458 6673
458 5629
459 2749
460 4142
460 1670
461 6564
461 6544
462 3274
462 6816
462 9647
462 9261
463 1328
463 1806
463 7961
463 9539
464 9664
465 1068
465 8522
466 2004
466 2822
466 946
466 1343
467 3510
468 1475
468 6052
468 1205
469 2873
469 3192
470 917
470 1620
471 997
471 5527
471 9622
472 8723
472 4728
473 2834
473 3204
473 8121
474 9477
474 7314
475 8187
475 3699
476 6407
476 7211
477 8978
478 9751
479 7478
479 1820
480 2830
480 4690
480 8927
481 3434
481 5508
482 1426
482 9738
483 8649
485 5477
485 9701
486 2062
486 8184
487 3890
487 8059
487 1538
488 8659
489 7543
490 4085
491 1310
491 5871
491 8858
492 4353
492 5861
493 7997
493 8947
494 2639
494 2522
495 6463
495 3244
496 4287
496 709
496 4438
497 5960
497 3026
498 3220
499 506
500 7179
501 8668
501 8848
502 8864
503 9516
504 927
504 8010
504 3190
505 9637
506 1202
507 1178
509 2790
510 7574
511 2681
511 3676
511 5007
511 9926
511 9978
512 6200
513 732
513 2127
514 2935
514 5544
514 1492
515 9163
515 3647
515 6336
515 8039
516 7430
516 7629
516 5916
517 7690
518 1672
518 2094
519 2580
520 4792
520 2587
521 8530
521 5896
522 3611
523 4804
523 8966
524 1929
525 4820
525 3258
525 8367
525 8328
526 951
527 821
527 1906
528 2156
529 5246
530 5688
531 8034
531 605
532 1017
532 1609
533 4176
533 4197
534 3392
535 6634
535 1477
535 1066
535 7037
536 664
536 4629
537 8815
538 3330
538 3096
539 5786
539 9093
540 2900
540 9667
540 9633
541 1684
541 6174
541 7870
542 1195
543 2928
543 1246
543 7082
543 2982
543 6189
544 3801
545 4444
546 1504
547 9799
547 2272
548 1847
548 2755
549 1418
549 8505
550 7376
551 5025
552 8684
556 3888
557 6850
557 9251
557 9618
558 2849
559 4967
560 1896
560 9678
561 8337
561 3167
561 1234
561 3186
562 3270
563 2080
564 9334
565 6923
565 5977
566 1585
567 3509
568 7825
569 3788
569 9891
569 7646
570 2902
570 4407
571 2773
572 6355
572 8671
572 4791
573 5664
574 846
575 6821
575 6350
575 6740
575 1235
576 9354
577 2202
578 5365
579 2184
579 4449
580 4456
580 1107
581 8973
582 3123
582 3237
583 2368
583 1447
584 1270
584 5580
584 2628
585 3527
585 2110
586 3133
586 4802
587 6679
588 4476
588 2969
589 3610
589 1495
589 3005
590 5802
590 4156
591 4415
592 5087
593 4157
593 7150
593 6801
594 7452
595 4418
595 6646
595 9788
595 2039
595 7141
596 4151
596 4536
596 3069
596 6004
597 612
597 5336
597 9435
597 9494
598 1560
598 9318
599 3726
599 7676
599 8103
600 4400
600 7747
600 817
601 8678
601 4847
602 6093
603 4563
603 9575
603 1516
604 9747
604 2022
605 8507
606 7787
606 6319
606 7203
606 8764
607 2268
608 4464
608 6912
609 1903
609 5075
610 2831
610 4749
610 7214
611 8655
611 2998
611 4426
612 4219
613 7943
614 6907
615 7710
615 8593
616 2803
616 7370
616 1997
617 6580
617 6309
618 5867
619 2578
619 5627
620 5780
621 7753
621 9970
622 2001
622 833
623 5759
624 2860
624 3128
624 3404
625 3036
626 8100
626 4694
627 4698
627 4507
628 3373
628 7413
628 5156
628 7601
629 8398
630 2285
630 9538
630 5645
630 8853
631 4853
632 6290
632 8118
633 3684
633 4963
633 6146
634 2502
635 3294
636 9410
636 9497
636 5259
637 1898
638 3397
638 3504
639 3769
640 4883
640 8507
641 2122
641 3931
641 5497
642 3689
642 7258
643 5991
644 8254
645 1387
645 8208
646 8230
646 3648
647 9859
647 1247
648 8432
649 3075
650 1939
650 1392
651 6364
652 6086
652 2484
653 2880
654 798
655 4859
655 1996
656 4126
656 9090
656 6662
657 7254
658 6091
659 4234
659 9529
659 7322
660 7335
660 7325
660 6378
661 8889
661 1488
662 758
663 7590
663 3232
664 3506
665 7264
665 6712
666 6485
667 9857
667 4640
668 3255
669 6876
670 5690
670 9592
670 4715
671 3206
671 2508
672 708
672 7366
672 4183
673 1676
673 4063
674 8172
675 8355
675 7898
675 1031
676 3880
676 6391
677 4358
677 5590
678 4819
678 1027
679 2299
679 2732
679 2561
680 1228
680 9644
681 6590
681 4139
682 6837
682 2584
682 6772
682 4446
683 4196
683 4378
684 6458
684 8704
684 1964
685 6140
686 6272
687 6390
687 785
688 4422
688 5372
688 8879
690 2150
690 6911
691 9589
692 1326
693 5477
694 8576
694 4134
695 3462
696 9050
697 872
698 1262
698 9315
699 8524
699 8293
700 4747
701 6703
702 1605
702 7366
703 3866
704 756
704 3467
704 4166
704 6639
704 9323
704 4679
705 8969
705 7995
706 1764
706 3319
706 1880
707 8272
707 2135
708 5360
709 3090
709 3419
709 9264
710 1469
710 9287
711 3490
711 1359
712 2086
713 5366
713 2768
714 3898
715 5920
715 4944
715 3348
716 6196
716 8201
717 1036
717 7489
718 9991
719 8601
720 7496
720 4927
721 6981
721 1534
722 9343
722 4896
723 9721
724 2596
724 6248
725 5462
726 3905
726 4307
726 9818
726 1369
727 6051
727 6646
728 3740
729 6273
729 7246
730 4825
731 1394
731 8566
731 2835
731 8273
733 5280
734 2206
734 1910
734 1055
735 4961
736 957
737 3172
738 4251
738 9412
739 4673
739 6189
740 7959
741 7365
742 6590
743 2448
743 2573
744 1555
745 6609
745 6173
745 6743
746 3278
746 8520
747 2068
748 3587
748 9604
749 4483
749 1868
750 5798
751 9412
752 4645
753 5186
753 8782
753 1324
753 9872
754 4497
754 8450
754 959
754 7577
755 7643
755 6727
756 2602
757 9334
758 1021
758 6468
758 3073
758 3289
759 3672
759 1381
760 6109
760 6048
760 3447
762 6589
763 2289
763 4413
763 2679
764 6191
764 8728
765 3663
766 6473
766 2934
767 3786
767 909
768 9181
768 3454
768 7903
769 8507
769 4065
771 6946
772 8289
773 9679
773 8418
774 6410
775 1496
775 6417
775 5201
776 5002
777 7208
778 8246
778 5646
779 7116
780 4575
781 2582
781 7804
781 1519
782 2313
782 4171
783 7824
783 8707
783 6251
784 4305
784 4396
785 8667
785 5077
786 5393
786 8064
786 7569
786 3302
787 3766
787 7297
788 7901
788 9205
789 866
789 1621
790 1657
791 8628
791 6855
792 2005
792 5531
793 1165
793 9179
794 7861
795 1197
795 4063
795 6492
796 6934
797 1259
797 991
798 5804
799 3112
799 3711
800 5993
800 1952
801 2473
802 4075
802 8986
803 1688
803 7099
804 6484
805 6482
805 8731
805 2616
806 9208
806 9280
807 8245
807 8779
808 2703
808 1855
808 6721
809 4488
809 4308
809 7657
810 2931
810 2502
810 6991
811 5254
813 9192
814 6902
814 5238
814 7683
815 5500
815 4193
816 7402
817 4116
817 9300
817 2421
818 6322
819 3305
820 7231
822 6241
823 1531
823 2743
824 4057
824 4662
825 2296
825 9488
826 1359
827 8248
828 7771
828 7473
828 5012
829 2397
829 5326
829 1323
829 7950
830 4925
830 5618
831 4863
831 1025
832 6912
832 6743
832 3257
833 6944
833 2571
834 3054
834 1340
835 1391
836 8914
837 7654
838 5343
839 5109
840 7735
842 5768
842 8363
842 3856
843 2880
843 4052
843 2142
843 5387
844 4842
844 9249
845 6008
846 3552
846 6843
846 8348
847 3380
847 4360
847 8822
847 8825
848 6202
849 6198
850 4349
851 6691
851 7137
851 2898
852 5898
852 7152
852 2760
852 5592
853 2631
854 9348
854 4175
855 3074
856 2443
856 2134
856 6872
857 5440
857 9665
858 3163
859 1801
859 7903
859 5723
860 1571
860 8026
861 8959
861 9419
862 1431
863 6105
863 9305
864 5376
864 2921
865 5157
865 5527
866 7434
867 3957
867 7877
867 3774
868 3249
869 9717
870 7454
871 7646
872 8215
872 2978
873 5484
873 3297
874 3385
874 1027
875 3286
876 2741
876 3057
876 5752
877 2705
878 9930
879 5944
880 6535
880 8188
881 2035
881 1711
882 3628
882 5004
883 8202
883 1659
884 5426
884 4291
884 2330
885 7474
885 8631
886 7947
887 8625
887 3235
888 1257
889 4041
889 8570
890 1037
890 8184
891 1904
891 8776
892 5764
892 9479
893 4618
893 6880
894 1781
895 4598
896 1254
896 4733
897 4275
897 4687
897 6094
897 7493
897 1657
898 3033
899 1891
899 9598
900 9517
900 4000
901 9623
902 1469
903 2666
904 7956
905 5653
905 9875
905 8598
906 1120
907 1491
908 1769
908 1693
908 5773
909 6211
909 4728
910 7013
910 4794
910 8671
911 5676
912 5967
913 2593
913 5794
914 9001
914 5675
915 5767
915 4025
916 1484
916 6745
916 4415
917 3814
918 1487
919 1821
919 9492
920 2951
920 4889
921 5109
921 1048
922 9496
922 3899
923 7421
923 3281
924 5457
925 9728
925 9159
926 8583
926 5092
928 6087
929 7605
929 6966
930 8065
931 7547
931 4127
931 6432
932 4106
933 5514
934 1638
935 8021
935 4624
936 8964
936 7617
937 6780
937 2458
938 1761
939 2140
939 8612
940 3683
940 5023
940 5358
941 9383
941 8871
942 6829
942 2370
943 2908
944 5526
944 7947
945 1857
945 9443
945 7939
946 4702
946 2717
946 8872
946 953
947 1709
947 3534
948 3101
948 3582
949 1316
950 6142
950 6146
950 9669
950 1250
951 6145
951 6216
951 8298
952 7365
952 7030
952 9406
952 5902
953 3920
954 7442
955 8818
956 5422
956 7228
957 6868
958 3343
958 4619
959 4592
959 3734
960 9653
960 4854
961 8460
961 8398
962 7108
962 7008
964 2007
964 1269
965 4005
966 3291
967 1139
967 8228
968 4990
969 7523
969 1416
970 7892
970 4601
971 7032
972 5987
973 8664
973 9379
974 2123
974 7408
975 9263
975 1693
976 8066
976 9364
976 6445
977 3867
978 7021
978 1006
979 4207
979 5400
979 4530
980 2299
981 2057
981 8672
981 7891
982 8796
983 3309
983 5423
983 7514
984 1516
984 2433
985 9522
986 9345
986 2961
987 2766
987 9159
987 2439
987 3632
988 3026
989 5711
989 2056
990 8326
990 2450
991 4749
992 2531
993 3865
993 2051
994 3292
994 5778
995 7354
996 4789
996 5137
996 6897
996 2842
996 1284
998 6986
998 3843
999 3445
1000 3694
1000 8817
1000 9241
1001 5905
1001 3069
1002 3945
1002 4988
1003 3389
1004 1229
1004 2833
1005 7248
1005 3770
1006 1282
1006 7078
1007 3988
1008 9462
1008 2821
1008 6331
1009 3970
1009 3910
1010 2668
1010 1316
1011 2128
1011 7534
1012 4674
1012 9550
1012 8987
1013 3510
1013 2658
1014 1414
1015 3979
1015 3703
1016 3440
1016 8268
1017 7871
1017 5623
1017 8674
1018 4027
1019 1190
1020 3131
1022 2052
1022 5395
1022 4411
1023 5266
1023 6426
1023 9637
1024 4019
1024 8172
1024 8570
1025 1305
1026 5280
1026 2241
1027 3014
1027 6222
1027 3842
1028 2420
1029 3568
1029 4730
1029 3472
1030 4974
1030 9675
1031 8866
1032 6195
1032 8234
1032 9047
1032 5563
1033 5625
1034 5237
1035 5517
1035 4972
1037 4969
1038 2990
1039 7718
1039 3007
1040 9944
1041 1057
1042 5179
1043 1429
1043 7917
1044 5657
1045 1466
1045 5051
1045 7947
1046 6467
1047 7354
1048 5772
1048 7176
1049 1941
1049 2977
1049 4692
1050 4500
1051 5143
1052 8623
1052 2330
1053 5748
1053 3703
1054 7653
1055 3106
1056 4844
1058 3216
1058 4805
1058 6879
1058 2252
1058 4334
1059 9640
1059 5821
1060 1607
1060 8326
1061 9188
1061 2774
1061 7020
1062 5214
1062 5633
1063 1134
1064 6098
1064 3138
1065 2222
1065 2620
1065 4080
1066 1321
1067 8558
1067 4274
1069 5687
1069 5854
1070 6091
1070 2955
1071 4759
1071 9320
1072 1271
1072 2458
1073 6800
1073 4705
1073 9954
1073 2950
1074 7948
1075 5876
1076 6363
1076 9377
1076 5825
1077 1115
1078 5672
1079 2761
1079 9318
1079 6717
1080 7451
1080 5895
1080 8805
1081 7540
1082 4793
1082 1658
1083 3031
1083 9744
1083 6396
1084 1366
1084 9495
1085 1494
1085 6658
1085 3781
1086 2260
1086 5549
1086 2560
1087 2788
1087 8025
1088 2524
1088 4788
1089 9190
1089 4335
1090 6265
1091 8974
1092 8745
1093 8287
1094 7142
1095 2139
1096 2627
1097 9553
1098 8105
1098 3934
1099 6093
1099 8175
1100 3029
1100 3583
1100 4248
1101 8149
1102 3194
1103 4912
1104 3088
1104 4518
1104 1445
1105 5590
1106 1770
1106 3997
1106 4595
1106 1475
1107 7768
1107 6429
1108 9606
1108 7510
1109 5878
1109 5243
1110 6178
1111 1348
1112 8167
1113 4704
1114 3703
1115 5130
1115 1779
1116 9298
1116 6539
1117 3066
1117 8264
1118 2109
1119 7057
1120 7384
1120 9583
1120 3060
1121 4466
1121 4700
1122 2457
1122 8458
1123 4628
1124 8223
1124 9502
1124 6481
1125 9341
1125 1580
1126 2670
1127 8417
1128 1166
1128 3500
1128 3447
1128 9000
1129 5060
1129 8238
1130 6111
1130 6268
1130 8389
1130 1828
1131 6588
1131 9675
1131 9197
1132 6413
1132 9988
1133 3095
1133 9066
1133 5296
1134 9056
1135 1715
1135 3819
1136 2899
1136 6928
1136 4211
1137 7144
1138 5104
1138 4707
1138 5629
1138 2963
1139 6250
1140 1342
1140 2456
1140 4923
1141 1312
1141 1649
1141 4980
1142 5808
1143 7565
1144 3463
1145 2727
1145 7389
1146 3097
1147 3804
1148 4907
1148 6189
1149 3196
1149 6444
1150 1482
1150 2096
1150 3039
1150 6024
1151 5322
1151 4338
1152 6956
1153 9329
1154 4559
1154 1525
1155 8538
1155 7142
1156 1602
1156 4355
1156 9132
1157 5996
1158 5981
1158 4409
1159 6037
1159 9831
1159 4436
1160 7649
1161 2047
1162 9297
1163 8413
1164 7771
1165 1989
1167 6568
1168 7038
1169 1187
1169 8785
1169 8880
1170 1490
1170 1957
1172 8134
1173 1223
1173 9447
1173 2138
1174 2354
1174 4737
1175 3122
1176 3946
1177 5680
1178 6998
1178 9934
1178 9610
1179 9535
1180 9965
1180 7344
1181 3299
1182 6625
1182 3267
1183 2270
1183 8165
1184 7894
1185 4184
1186 3083
1186 6709
1187 7186
1188 5940
1188 8979
1188 6717
1188 4155
1189 1882
1189 3874
1189 3203
1191 8634
1192 4123
1192 6771
1193 8188
1193 3138
1193 2812
1195 7491
1196 2370
1196 9837
1198 9501
1199 7041
1199 7858
1200 3937
1201 8198
1202 6027
1202 6750
1202 9355
1203 6511
1203 5561
1204 7661
1204 2309
1205 3268
1205 4967
1205 9311
1205 6466
1205 9818
1206 4268
1207 3340
1207 7156
1207 7449
1207 3532
1207 2128
1208 9538
1209 8466
1209 4746
1210 9744
1211 4221
1211 7360
1212 4621
1213 7932
1213 8199
1213 3312
1213 9356
1214 4397
1215 9687
1216 8560
1216 4728
1217 9116
1218 4029
1218 6793
1218 5544
1219 2279
1219 4968
1220 9435
1221 7322
1221 2526
1221 7428
1221 9619
1222 9721
1223 5175
1223 7161
1224 1365
1224 6158
1224 6860
1225 1957
1225 5828
1226 1381
1226 1812
1227 8297
1227 8453
1229 9820
1230 7514
1230 6539
1231 8442
1231 8861
1231 2009
1232 8883
1232 4277
1233 2033
1234 4271
1234 6150
1234 9634
1234 3244
1235 2757
1236 7146
1237 3785
1237 4579
1237 8461
1237 9427
1238 8373
1238 8200
1238 1851
1239 6295
1240 9564
1241 7031
1241 1331
1242 2985
1242 9449
1242 9057
1243 5802
1244 9689
1244 4626
1245 3458
1246 5115
1247 8242
1247 9776
1248 2676
1248 9094
1249 7301
1250 7288
1250 9312
1250 2576
1251 7809
1251 8522
1252 1842
1252 2744
1253 2814
1253 7176
1254 3153
1255 6120
1255 8773
1256 4238
1256 2318
1256 5139
1257 2136
1258 2957
1260 6187
1260 3685
1261 1468
1261 4512
1261 3810
1262 1298
1262 8145
1263 9353
1264 4061
1264 3287
1265 6455
1265 5862
1265 9327
1265 9542
1267 2808
1267 2950
1267 7391
1268 6800
1269 1596
1269 1543
1269 1572
1271 4802
1272 6477
1272 3583
1273 4270
1274 2079
1274 1595
1275 3259
1275 9628
1275 9408
1276 4996
1277 9162
1278 8138
1278 2805
1279 8916
1279 8334
1280 4812
1281 4868
1281 2783
1283 2945
1283 4526
1283 9595
1284 1723
1284 6619
1284 7311
1284 9507
1284 8790
1285 2065
1285 3702
1286 4046
1286 3145
1286 7111
1287 9708
1287 9634
1288 2708
1288 7352
1289 7005
1290 2595
1290 4819
1291 3546
1292 8143
1292 9758
1293 7194
1294 2126
1295 2537
1295 2219
1296 9176
1296 9673
1296 3308
1297 4936
1297 6861
1297 3556
1298 5382
1299 4826
1299 9317
1300 9091
1301 8594
1302 9139
1303 3894
1303 7147
1304 6663
1305 3915
1305 9280
1306 2520
1307 2605
1308 8470
1308 9360
1309 1922
1311 4839
1311 8104
1313 9606
1314 6133
1314 7693
1314 8180
1314 8197
1315 7563
1316 8868
1316 1477
1317 9293
1318 9066
1319 5957
1319 4326
1320 7052
1320 9263
1321 6857
1321 2585
1322 6438
1323 6264
1324 7231
1325 8906
1326 2942
1326 7719
1327 2215
1329 8606
1330 6233
1331 4109
1331 6650
1332 6565
1332 2641
1333 3673
1333 8849
1333 5849
1333 2543
1334 5013
1334 9662
1334 6266
1335 9060
1335 7203
1336 5282
1336 4938
1336 6031
1337 5453
1338 5098
1338 4943
1339 6327
1339 4626
1340 1804
1340 5819
1340 1592
1341 5568
1342 8792
1343 4190
1344 7853
1345 2409
1346 4323
1346 4724
1347 1499
1347 8897
1347 3983
1348 2605
1349 7996
1349 3571
1349 3732
1349 4956
1350 4679
1350 9551
1351 9256
1353 7454
1354 7798
1355 8839
1355 3327
1356 4989
1356 7456
1357 6494
1357 7615
1357 9474
1358 4803
1358 5714
1359 3940
1360 9979
1361 7555
1361 8779
1361 1783
1362 9712
1363 2594
1364 7290
1366 4641
1366 4927
1367 7304
1367 2597
1368 8338
1369 4062
1370 3352
1371 1594
1371 8947
1372 4647
1373 5545
1374 7271
1374 2335
1375 1544
1375 9385
1376 8921
1376 4062
1376 9770
1377 1842
1378 4806
1378 6412
1379 8471
1379 5344
1380 3849
1382 6354
1382 1952
1383 5949
1383 1483
1384 7279
1384 5114
1385 3813
1385 4200
1386 9869
1386 3849
1388 8315
1388 5052
1388 7323
1389 3947
1389 8879
1390 8109
1391 5071
1391 7922
1392 1452
1392 2358
1393 5728
1393 6364
1393 3807
1395 8875
1396 9515
1396 3352
1397 6796
1398 5534
1399 1669
1400 9933
1400 9049
1401 9229
1402 5403
1402 7499
1403 5533
1403 6337
1403 6520
1403 7700
1404 9937
1405 8445
1406 9797
1406 4636
1407 9539
1407 2939
1408 3305
1409 4853
1410 6824
1411 6165
1411 6589
1411 3722
1412 6517
1413 8235
1414 4121
1414 7423
1415 5044
1416 9960
1416 8657
1417 4084
1417 4740
1419 4524
1419 4318
1420 2702
1420 7284
1420 7037
1420 3920
1421 6157
1421 2584
1422 2508
1423 2824
1423 4870
1423 3584
1425 7375
1425 3155
1427 3515
1428 2775
1430 5371
1431 6789
1431 5892
1431 3264
1432 3243
1432 6302
1432 7084
1433 8262
1433 7907
1434 4069
1435 1924
1435 4634
1435 7878
1436 5779
1437 2404
1438 7763
1438 3933
1439 8250
1439 7070
1439 9099
1440 7238
1440 1719
1441 3251
1441 1958
1441 5760
1442 6976
1442 9040
1442 9332
1442 5424
1442 5373
1443 9852
1443 3949
1444 5725
1444 1579
1445 3464
1446 8952
1446 8269
1447 2058
1447 1489
1447 4155
1448 7180
1448 2642
1449 5162
1449 1828
1450 2218
1451 8616
1452 9576
1453 9540
1453 5315
1454 4006
1454 8377
1455 2811
1456 9955
1456 6417
1458 7603
1459 1964
1460 6992
1461 9490
1461 1653
1462 8247
1462 9124
1462 9556
1462 1748
1463 2886
1464 9582
1465 5735
1465 6041
1465 6132
1465 3676
1467 7539
1467 5054
1467 6125
1467 5101
1468 1601
1468 2930
1468 3306
1468 8502
1468 4310
1469 8139
1470 9084
1470 3165
1471 8106
1472 8957
1472 4475
1473 8500
1473 2084
1473 4719
1474 7245
1474 2915
1475 3749
1476 2042
1477 3818
1477 4177
1478 5636
1478 3627
1478 4280
1479 5567
1480 8823
1480 8168
1481 9331
1481 3632
1483 3261
1483 3962
1485 9420
1485 9866
1485 5635
1485 8990
1486 4206
1487 3108
1487 2213
1487 5251
1488 5459
1489 3844
1491 2864
1491 2236
1492 3369
1492 6220
1492 6823
1492 6472
1493 2799
1493 7681
1494 3231
1494 5132
1495 8191
1495 3267
1496 4931
1497 8796
1497 5763
1497 9436
1498 8692
1500 6760
1500 8978
1501 2829
1502 2449
1503 5276
1503 6855
1503 8149
1504 7671
1505 3790
1506 6585
1507 5048
1508 2579
1509 4040
1509 5055
1510 8341
1511 3111
1511 7504
1512 8147
1513 3200
1514 5387
1514 5681
1515 2970
1515 3954
1515 9680
1515 6745
1517 7423
1518 1690
1518 6726
1518 6404
1519 7069
1519 8721
1520 8932
1520 2963
1521 5008
1521 2742
1521 5037
1522 5416
1522 5861
1522 5404
1523 6256
1524 6522
1524 8865
1524 5500
1525 3100
1526 8216
1527 1976
1528 4893
1528 9056
1528 3166
1529 4806
1530 9613
1530 7784
1532 6488
1532 7193
1533 5902
1533 2174
1534 5537
1534 4354
1534 4809
1535 4981
1535 9617
1535 9268
1536 1788
1536 3743
1537 9432
1538 5817
1539 4567
1539 2403
1539 6681
1539 1859
1540 5288
1540 6442
1540 9923
1540 7606
1541 8086
1541 4227
1541 9803
1541 6774
1542 2173
1542 6537
1542 2048
1542 4863
1543 4118
1545 4452
1545 6126
1545 5956
1545 4150
1546 9110
1547 7621
1548 9481
1548 9916
1549 3516
1549 7963
1549 9116
1549 6248
1549 7622
1550 8731
1551 1800
1552 5685
1552 7170
1553 6292
1553 5683
1555 9476
1555 2951
1556 2890
1556 5947
1556 8821
1556 9763
1556 5355
1556 5879
1557 2930
1558 3506
1559 7379
1561 9235
1561 6288
1562 6093
1563 3342
1563 1828
1563 3405
1564 2921
1565 7639
1566 1920
1566 4820
1567 1608
1567 2841
1568 4389
1568 7665
1569 2353
1569 6092
1569 6263
1569 9869
1570 8099
1572 3602
1572 3646
1572 3081
1573 9772
1574 8660
1574 2424
1575 9205
1575 8674
1576 7367
1577 7880
1578 9203
1578 8846
1579 5562
1580 1629
1581 3834
1581 3496
1581 7971
1582 6704
1582 5756
1583 2259
1584 9935
1585 5902
1586 2325
1586 4311
1586 8391
1587 5864
1588 4120
1589 6303
1589 4058
1589 6653
1590 8232
1590 2035
1591 9713
1592 8279
1593 1842
1594 5158
1595 4908
1595 3802
1596 5662
1597 7698
1597 8150
1598 5212
1598 8125
1598 2435
1599 3077
1599 4972
1599 3131
1600 5888
1603 4448
1604 4992
1604 6843
1605 9844
1607 5490
1608 7967
1609 5626
1609 8170
1609 5524
1610 5464
1611 8760
1612 4834
1612 2302
1612 6525
1613 9280
1614 7661
1615 1703
1616 3028
1616 3505
1617 2463
1618 5869
1618 3186
1619 9469
1619 2046
1620 6089
1620 5058
1620 9202
1621 4695
1621 7923
1622 8028
1623 3657
1623 8034
1624 4887
1625 7567
1625 3393
1626 6928
1627 1818
1627 7574
1627 3146
1628 7767
1628 4900
1629 1724
1630 5258
1631 3536
1631 4813
1631 8451
1631 2608
1631 5217
1632 9683
1633 3355
1633 3587
1634 7385
1634 4070
1635 4370
1635 9204
1635 9742
1635 9922
1636 2709
1636 6362
1636 3106
1636 6323
1637 7183
1637 6255
1638 7468
1639 5745
1640 2777
1640 7113
1641 2013
1642 4300
1643 2437
1643 2361
1644 5120
1644 6129
1644 3465
1644 4889
1645 8418
1646 9654
1647 2836
1647 3233
1648 3501
1650 5670
1650 3220
1651 9836
1651 3703
1652 8339
1652 6195
1653 3104
1654 8901
1654 9638
1654 8553
1654 8263
1655 9152
1655 4394
1656 6461
1657 5018
1657 7175
1658 7276
1658 9232
1658 6997
1658 6792
1659 2722
1659 9364
1660 3516
1661 4721
1661 5851
1661 9117
1661 9485
1661 5347
1662 5088
1663 3299
1664 3007
1664 8876
1665 7040
1665 9166
1666 6146
1667 8675
1667 8133
1668 6501
1669 3243
1670 8160
1671 3211
1672 8414
1672 5873
1673 6918
1674 6503
1675 7006
1675 3572
1675 7120
1675 5121
1677 3551
1677 4500
1678 1751
1678 4598
1678 5334
1678 5283
1679 4553
1680 6493
1680 1956
1681 5160
1682 9388
1682 8514
1683 3262
1683 6231
1683 9565
1683 4664
1683 3236
1685 1786
1685 3798
1685 6600
1686 4771
1686 5075
1686 1835
1686 1746
1686 8395
1687 5505
1688 2594
1689 7360
1689 8682
1690 6410
1691 6926
1691 3234
1692 7659
1692 9734
1693 5988
1693 9246
1693 1890
1694 2678
1694 2724
1695 4051
1696 1892
1696 5482
1696 9396
1696 8514
1697 3175
1698 2467
1698 2976
1699 5595
1700 3149
1701 3224
1701 4395
1701 2273
1702 7205
1702 5044
1702 9066
1703 7581
1703 9744
1704 9477
1705 4110
1705 5621
1705 3131
1706 1785
1707 2776
1707 4451
1707 7178
1708 7810
1708 8331
1710 5942
1712 6287
1712 3124
1712 9851
1712 5753
1713 3796
1714 9083
1714 2249
1715 4910
1716 8915
1716 2174
1717 5751
1717 3643
1718 3428
1718 8138
1719 3983
1720 9763
1721 6586
1722 6423
1724 3839
1725 8355
1726 6754
1726 3187
1727 3529
1727 8093
1727 8730
1727 2081
1728 9895
1728 5641
1729 7465
1729 6163
1730 8266
1731 3643
1731 4026
1732 6642
1733 9711
1733 2604
1734 5847
1734 6695
1734 8320
1735 4876
1735 2788
1736 5367
1737 7205
1738 4373
1738 7168
1739 4336
1739 9295
1740 3218
1740 5675
1741 3317
1741 7136
1741 9715
1741 2754
1742 9877
1743 6462
1743 8068
1743 2812
1744 3900
1745 5582
1746 9474
1747 8023
1747 9989
1748 8908
1749 3248
1749 3000
1749 6182
1750 8431
1752 5828
1752 2034
1753 4848
1753 8020
1754 2260
1755 2125
1756 5239
1756 7868
1756 5921
1757 7341
1758 6848
1758 8479
1759 7308
1759 3370
1759 4991
1760 9700
1760 3046
1761 7735
1761 5805
1761 4341
1762 9412
1763 8736
1763 3589
1763 8385
1763 5827
1765 7207
1766 6591
1766 5156
1767 5832
1767 6305
1767 6306
1768 3723
1770 3681
1771 3320
1771 1777
1772 3099
1773 5996
1773 9004
1774 9043
1775 7739
1776 2938
1777 4254
1777 9094
1778 8711
1778 5732
1779 4467
1779 3341
1779 9051
1780 8558
1781 5893
1781 5873
1782 4258
1782 5827
1783 8608
1784 3065
1784 5564
1784 3177
1784 2337
1785 5230
1787 2045
1787 7743
1789 7451
1790 4370
1791 5719
1791 9602
1791 3573
1792 6403
1793 3482
1793 9932
1794 6036
1794 5144
1795 8142
1796 9280
1797 8185
1798 9496
1799 1832
1799 4143
1799 6084
1799 2693
1800 9238
1800 3910
1802 7684
1803 7794
1805 2907
1805 2210
1807 6178
1807 2816
1808 8539
1809 7160
1809 9076
1809 1823
1810 3781
1811 6887
1811 5139
1812 4712
1812 6343
1813 2574
1813 2427
1813 3348
1813 5842
1814 2384
1814 5713
1814 7488
1815 8184
1815 2085
1816 9046
1817 5335
1818 6227
1819 6553
1819 6600
1820 7131
1822 4376
1822 6200
1823 2642
1823 4210
1824 7403
1824 9967
1825 5934
1825 3151
1825 9045
1826 3395
1826 9814
1826 7372
1827 6355
1828 2833
1829 6442
1830 2138
1831 1907
1831 7177
1831 3658
1831 9805
1831 7378
1832 3641
1833 6374
1833 6562
1834 4928
1834 4450
1835 2868
1836 1993
1837 6977
1838 2002
1838 2373
1838 9509
1838 5209
1839 9585
1840 7321
1840 4130
1841 7644
1841 6079
1841 9672
1841 3695
1843 3964
1843 2079
1844 2752
1844 5241
1845 5035
1845 3946
1846 6851
1846 9817
1846 9824
1846 6932
1847 3212
1847 3606
1847 9837
1848 2540
1849 9294
1849 2585
1850 9717
1850 6145
1851 9769
1852 2198
1853 5807
1854 2468
1855 4450
1855 9588
1856 2118
1856 8488
1856 7518
1858 3738
1858 5978
1859 5908
1860 7399
1861 3531
1861 2217
1861 7235
1862 6242
1863 3051
1863 2847
1863 5424
1864 2505
1865 3901
1865 4685
1866 2417
1866 9384
1866 8190
1867 2751
1868 4235
1869 5299
1870 9386
1870 8980
1871 2881
1871 4580
1872 2644
1873 8199
1874 8776
1874 4215
1874 2708
1875 7215
1875 2152
1876 3058
1876 8509
1877 4671
1878 7826
1878 2954
1879 2655
1879 6090
1879 6827
1880 8006
1880 8710
1881 6678
1883 3293
1883 3383
1883 8814
1883 3605
1884 8404
1885 9338
1885 7738
1886 5748
1887 2099
1887 7000
1887 3927
1888 4412
1889 3795
1889 2939
1890 5536
1890 7479
1890 3405
1891 9777
1893 5962
1893 5740
1893 9098
1893 9940
1894 4751
1894 6031
1894 9013
1895 4156
1895 8274
1895 5183
1897 4495
1897 8826
1897 2166
1897 9991
1897 6913
1898 3264
1899 6032
1900 6871
1900 7442
1900 9776
1900 6552
1902 2341
1903 4225
1903 9009
1903 2980
1904 4760
1905 2124
1905 6216
1906 2223
1908 9899
1909 6846
1910 8069
1911 8044
1912 9845
1912 4128
1913 3919
1914 4765
1915 7806
1915 6655
1916 6036
1917 5501
1918 8736
1919 7464
1919 7727
1919 9694
1921 3902
1922 2335
1922 5095
1923 9191
1923 2676
1925 3765
1926 4560
1926 6941
1926 7460
1927 8092
1928 5532
1928 8860
1928 9865
1929 5387
1930 7792
1930 7954
1930 3652
1931 8465
1932 6097
1932 9687
1932 7722
1933 5906
1933 2209
1934 8709
1934 9839
1934 2643
1935 5465
1935 4833
1936 6602
1937 4880
1937 3638
1938 3464
1938 9242
1940 3570
1940 2991
1942 7519
1942 8137
1943 6512
1944 6189
1945 8375
1945 6653
1945 3297
1946 3801
1947 7253
1947 8862
1947 8361
1948 6513
1948 9024
1949 2701
1949 2840
1949 7957
1950 7923
1950 6938
1951 6763
1951 9202
1951 4208
1952 5929
1953 4161
1953 4276
1953 5602
1954 5612
1954 5134
1954 9522
1954 2929
1955 5787
1956 6648
1956 8632
1956 7143
1958 5752
1959 7675
1959 5216
1960 5020
1960 4538
1961 7777
1962 6456
1962 6135
1963 6664
1963 7650
1965 8438
1965 9151
1965 6265
1966 3969
1966 5753
1966 7989
1967 3472
1967 1970
1968 5822
1968 5681
1969 7691
1970 4202
1971 7926
1971 8825
1971 2853
1972 2033
1972 6074
1972 6935
1973 9013
1974 9101
1975 5750
1976 2862
1976 9177
1976 6678
1976 2687
1978 3187
1978 7788
1978 9342
1979 4914
1980 2360
1980 6270
1980 5235
1981 2240
1981 7991
1982 2680
1983 5638
1983 6945
1983 2663
1984 4133
1985 3715
1986 6388
1986 3437
1987 4346
1988 6236
1990 2949
1991 8514
1992 6499
1992 5647
1993 7509
1993 9437
1993 8116
1994 2199
1994 9127
1995 2431
1995 4311
1996 4890
1996 8680
1996 5026
1997 2292
1997 2418
1997 3036
1998 6710
1998 2836
1999 5505
2000 6100
2000 3124
2001 9102
2003 4864
2003 9935
2005 2558
2005 3351
2006 6732
2006 6770
2006 8237
2006 5617
2008 2634
2008 3410
2009 2906
2009 7004
2010 3004
2011 6172
2012 6129
2013 6221
2013 5868
2014 8927
2014 4879
2014 4447
2015 3424
2016 9019
2017 3472
2018 5489
2018 3623
2019 2493
2020 8319
2021 4975
2022 8281
2022 9813
2022 3927
2023 7691
2023 8042
2024 4657
2024 4148
2025 9823
2026 8417
2026 5317
2027 3384
2027 7854
2027 3315
2028 7390
2029 5530
2030 5598
2031 3980
2032 2751
2032 7445
2034 5468
2034 9187
2034 9950
2034 2511
2036 4537
2036 6134
2037 7655
2037 2754
2037 2752
2038 6591
2039 9947
2040 6967
2040 3692
2041 2107
2042 4979
2043 2046
2044 3861
2046 9642
2046 7907
2047 2356
2047 9839
2048 2619
2048 9113
2049 4172
2050 3603
2050 9194
2050 9911
2051 6785
2051 6106
2052 6278
2053 6565
2054 6042
2055 4499
2055 3888
2056 9404
2059 2700
2059 7175
2059 3504
2059 6052
2060 7962
2061 3431
2063 6064
2063 6078
2064 8432
2064 6927
2066 2350
2067 5766
2067 4591
2067 9195
2068 4102
2069 5134
2070 8700
2070 6440
2072 5894
2072 6356
2073 2386
2073 4784
2074 9400
2075 9698
2076 2115
2076 3409
2076 6568
2076 6001
2077 7849
2077 8409
2077 2570
2078 7469
2078 9713
2078 9167
2080 2670
2080 6394
2080 9811
2081 4569
2081 5763
2082 8659
2082 9981
2083 2784
2083 6718
2083 7472
2083 8124
2083 7210
2084 4727
2085 8735
2085 6383
2085 9746
2086 4232
2086 7766
2087 8288
2088 3580
2088 8745
2089 9606
2090 6707
2090 7526
2091 3399
2091 3933
2091 6777
2092 5525
2093 2378
2093 2107
2094 9390
2095 6229
2095 6668
2097 5168
2097 4625
2098 3294
2100 7499
2100 3567
2101 6350
2102 4182
2103 6140
2104 4812
2104 7402
2104 6173
2105 9073
2106 6820
2106 2747
2107 5111
2107 8447
2108 9982
2108 9400
2109 7551
2109 4501
2110 5438
2111 5092
2111 8165
2111 9413
2111 4703
2112 8806
2112 8702
2113 4394
2113 2325
2114 3943
2114 3100
2114 8871
2114 7359
2116 3241
2117 9401
2118 2725
2118 3322
2120 7132
2121 6852
2124 7847
2125 7414
2125 9038
2126 5609
2126 7293
2127 3843
2127 2517
2128 9616
2129 8361
2131 9257
2131 5790
2132 3602
2133 4096
2134 5281
2135 6762
2135 6917
2136 7902
2136 4511
2137 5448
2137 5816
2137 6011
2138 5888
2141 2148
2142 5145
2142 7683
2143 3987
2144 2691
2144 4133
2145 3314
2145 7337
2146 5984
2147 4351
2148 5124
2148 9514
2149 9238
2150 4946
2150 4575
2150 5339
2151 2904
2151 8444
2151 8509
2152 9315
2153 4357
2154 2232
2155 4952
2156 6581
2157 3241
2157 5301
2158 6584
2158 9883
2159 7103
2159 2842
2160 7525
2162 4303
2163 6746
2164 4012
2165 5090
2166 5452
2166 3770
2166 3076
2167 5633
2168 3132
2168 7343
2168 7195
2169 4365
2169 8342
2170 6071
2171 6645
2172 3365
2172 3265
2174 6457
2175 5735
2176 9722
2176 4393
2177 5371
2178 4445
2178 6920
2179 8807
2179 9889
2179 7378
2180 2312
2180 3742
2180 6711
2181 9597
2182 8569
2183 8793
2184 9259
2184 9351
2184 9314
2184 3503
2184 7445
2185 2895
2186 3617
2186 3193
2186 6420
2186 5161
2187 6448
2187 4155
2187 7312
2188 5766
2189 3062
2189 8950
2189 9394
2189 8445
2189 4820
2190 5634
2190 9276
2191 5919
2191 4530
2192 5986
2193 3677
2194 6901
2195 6288
2196 5195
2196 3215
2197 7094
2198 3033
2200 2980
2201 7264
2202 6753
2202 2747
2203 3853
2204 3690
2205 4472
2206 5577
2207 4324
2208 3512
2209 2790
2209 9551
2209 2544
2210 8983
2211 2693
2212 5034
2212 9771
2212 5813
2213 4713
2214 7188
2215 5170
2215 9285
2216 2671
2217 2568
2217 7848
2218 3611
2219 5319
2220 6521
2221 3257
2223 4193
2223 6352
2224 8604
2225 7149
2225 2321
2226 3049
2226 3773
2226 7367
2226 3746
2227 8698
2228 8926
2229 4494
2230 2268
2230 7203
2231 4399
2232 6250
2233 8336
2233 8380
2233 4630
2234 7284
2235 2916
2235 9657
2235 2240
2236 4405
2237 7294
2237 7642
2238 5783
2238 2570
2238 3079
2238 6484
2239 7734
2239 2383
2241 4873
2241 3297
2241 4369
2242 9929
2243 7689
2243 9725
2244 9147
2244 5608
2245 9285
2246 7906
2247 6068
2247 8105
2248 2988
2249 6376
2249 3270
2250 2278
2250 9704
2251 8795
2251 8712
2252 9655
2253 6825
2253 3852
2254 2453
2254 3984
2254 8370
2255 4437
2256 4307
2257 8332
2258 3630
2258 3935
2258 4380
2261 8692
2262 7215
2263 9549
2264 8161
2264 6490
2265 9450
2265 9491
2265 7157
2266 4897
2266 6794
2267 6759
2267 6947
2267 4507
2268 9457
2269 8397
2270 8404
2270 5717
2270 9704
2271 4128
2271 9870
2271 9902
2272 3825
2272 7941
2272 5249
2273 9519
2273 9861
2273 4363
2274 5434
2274 9045
2275 9611
2275 4178
2276 3855
2276 3809
2277 9299
2277 6485
2278 3547
2279 8985
2279 7127
2280 2780
2281 9489
2281 3078
2282 4841
2283 8754
2284 4148
2284 7883
2286 4737
2287 4183
2287 4465
2288 5826
2290 9992
2290 7757
2291 8767
2293 8998
2294 3517
2295 2975
2295 7341
2297 7905
2297 4330
2298 6293
2298 2505
2300 6453
2300 9369
2301 6239
2301 8490
2301 4058
2302 9629
2303 3899
2303 5952
2303 5065
2304 3812
2305 7380
2305 9337
2306 7241
2307 8148
2308 6765
2309 4941
2309 6349
2310 8766
2311 5002
2312 3852
2312 7705
2314 7286
2314 4410
2315 4823
2316 7029
2317 8829
2317 8860
2318 8586
2319 7239
2319 7583
2320 3848
2321 2739
2321 2531
2321 9982
2322 3779
2323 9395
2323 6472
2324 4169
2324 8104
2324 9423
2324 9360
2325 8142
2326 4186
2327 4089
2327 9847
2328 5667
2328 8977
2329 3562
2329 3863
2329 8574
2329 8893
2329 6782
2330 9531
2330 9741
2330 9998
2331 7290
2331 5421
2332 7074
2332 2963
2332 9221
2333 7598
2333 8857
2334 7327
2336 4405
2336 7863
2336 2434
2337 9032
2338 4935
2339 3259
2340 9801
2340 5141
2340 7460
2341 6700
2341 9753
2342 7957
2344 7115
2345 3771
2346 3138
2347 5047
2347 3247
2348 3351
2349 6637
2349 6450
2349 6295
2350 4382
2350 8156
2351 7768
2352 9948
2352 3878
2354 2861
2355 9791
2355 3628
2357 5335
2357 4822
2358 3006
2358 6853
2359 9048
2359 6316
2361 4378
2361 7569
2363 3911
2363 3648
2363 7769
2364 9503
2365 6533
2365 4557
2366 8173
2367 9939
2368 4056
2369 3980
2369 7122
2370 8767
2370 5800
2371 7940
2372 6190
2372 3144
2373 6979
2374 7146
2375 4472
2375 5737
2375 4264
2376 5996
2377 6360
2377 8106
2378 8898
2378 7843
2379 6096
2380 9507
2381 6592
2381 6813
2382 5990
2382 9609
2382 5893
2383 9080
2384 5987
2385 5782
2385 9504
2385 6921
2387 5488
2387 7258
2387 3601
2388 5146
2389 3349
2389 7899
2390 8901
2391 2460
2392 5496
2393 2641
2393 7467
2394 2567
2394 9023
2394 7309
2395 6198
2396 3091
2396 4898
2398 9699
2398 6834
2399 2817
2399 6501
2400 4668
2400 3263
2400 4081
2400 8413
2401 8346
2402 5095
2402 8353
2402 8775
2402 8328
2402 2585
2403 8388
2404 7252
2405 6433
2406 9488
2407 3017
2408 7056
2409 6586
2409 8348
2410 6014
2410 9677
2410 9839
2411 8457
2411 4773
2412 6450
2413 6302
2414 9265
2415 7456
2416 3089
2416 4085
2417 6238
2419 3318
2419 5174
2419 4287
2420 3845
2420 8321
2421 3227
2422 7196
2422 5892
2423 4750
2423 3937
2423 6154
2424 5372
2425 7003
2425 7908
2426 4451
2427 3129
2428 2511
2428 4364
2429 5210
2432 7431
2433 2854
2433 7953
2434 6271
2435 7558
2435 4217
2436 4836
2436 7963
2438 4055
2438 4782
2438 7846
2438 2694
2439 3055
2439 6736
2440 8937
2440 8444
2441 4197
2441 8357
2442 8971
2442 9805
2444 5294
2444 8413
2444 8415
2445 5037
2446 5513
2447 3432
2447 9055
2449 7971
2450 4074
2451 4425
2451 8340
2452 3080
2454 7937
2455 3324
2455 8872
2456 2640
2456 9421
2457 7823
2457 2853
2459 9018
2459 3203
2460 5448
2461 7214
2462 8207
2462 5620
2463 5055
2463 3924
2464 6134
2464 4109
2465 3714
2466 2985
2467 2947
2468 9493
2468 9018
2469 3418
2470 4015
2471 6945
2472 7114
2473 4848
2474 8732
2475 4470
2475 6909
2475 7163
2476 6099
2476 3486
2477 8063
2477 3126
2478 6724
2478 5287
2480 5560
2481 4300
2482 3807
2483 6374
2484 6466
2485 2542
2486 4407
2486 6058
2486 6720
2486 4153
2487 6855
2488 3967
2488 6703
2489 5001
2490 5919
2491 6323
2492 2510
2493 7910
2493 3068
2493 4850
2494 2807
2495 9908
2495 3570
2496 6166
2496 6807
2497 3629
2497 9637
2498 8531
2498 8963
2498 6722
2499 3981
2499 8967
2500 9109
2501 2877
2502 7928
2503 4783
2503 6530
2504 3279
2504 9105
2504 6313
2505 5720
2505 6740
2506 8052
2506 5651
2506 5461
2507 7342
2508 9605
2508 3094
2509 6644
2510 5927
2511 8397
2512 6135
2512 8749
2512 4065
2513 5958
2514 4837
2515 4737
2516 4485
2517 3142
2517 4865
2517 9925
2517 4848
2518 4934
2519 9139
2519 9949
2520 3544
2521 6705
2522 9234
2522 3430
2523 5108
2523 9912
2523 8466
2525 7789
2525 7299
2526 9621
2527 7559
2527 4330
2527 9261
2528 3711
2529 7607
2529 9135
2529 3879
2530 7168
2530 6150
2531 9295
2532 6914
2532 4257
2533 9509
2534 3886
2534 6351
2535 8617
2535 3835
2536 3057
2537 2685
2537 8533
2538 5028
2538 4694
2539 7476
2539 7137
2540 7003
2541 8509
2541 5454
2543 8462
2543 4635
2544 7361
2545 8745
2546 4546
2546 8270
2547 6240
2547 7682
2547 8036
2548 8601
2548 8631
2549 2818
2550 9659
2551 5473
2551 7425
2552 6592
2553 9993
2554 9768
2555 4914
2556 5868
2557 5872
2557 9225
2559 6827
2560 8079
2561 4243
2561 6616
2561 3635
2562 3343
2563 6042
2563 7335
2564 8208
2565 4319
2566 2863
2566 8328
2567 6949
2569 9637
2571 8592
2572 7035
2572 7409
2573 9819
2573 9447
2575 7199
2575 9128
2575 5792
2576 4552
2576 4822
2576 8233
2576 5068
2577 9637
2577 3240
2577 3258
2578 3509
2579 4171
2579 6824
2580 6961
2583 8820
2583 4310
2584 9092
2586 5100
2586 3987
2587 4222
2587 8457
2588 4597
2588 4965
2588 7921
2588 6108
2588 7637
2588 3705
2589 8831
2589 9909
2590 2938
2590 3841
2591 4010
2592 5479
2597 6398
2598 7209
2598 3203
2598 6290
2599 6412
2600 8343
2600 9729
2601 7777
2601 8492
2601 4484
2603 6495
2604 9598
2604 5702
2605 7185
2606 3619
2607 9199
2607 5451
2607 5713
2608 9967
2609 4794
2610 8702
2610 9455
2610 4334
2610 3632
2610 8004
2611 5137
2612 8827
2613 6961
2613 8281
2614 6730
2615 5734
2616 5103
2617 6245
2618 3460
2618 8962
2619 3737
2621 5447
2622 7179
2623 6213
2624 9445
2624 5991
2625 3045
2625 6656
2625 9898
2626 8991
2627 3782
2628 4024
2629 3808
2629 5682
2630 6319
2631 3714
2631 3456
2632 3103
2633 5494
2633 5752
2635 9781
2635 3700
2636 2901
2636 5423
2637 8968
2637 3454
2638 8810
2638 8564
2639 9734
2640 7016
2640 7172
2640 5499
2642 5955
2643 5185
2643 8418
2644 6269
2644 8866
2644 7208
2646 9486
2647 4347
2648 5967
2648 6184
2648 7684
2648 9031
2649 3269
2649 8101
2650 8131
2651 3515
2651 7152
2652 4192
2652 4688
2652 9760
2653 3559
2653 6072
2654 8290
2654 8131
2654 9071
2654 8207
2656 6212
2657 7176
2657 4250
2658 9880
2659 7931
2659 4987
2660 6942
2660 4281
2661 9784
2662 2973
2662 4564
2662 7521
2663 7726
2664 3040
2664 5778
2665 7323
2665 3583
2666 9192
2666 9224
2666 4130
2667 6332
2667 8265
2668 4337
2669 8638
2669 4868
2671 6141
2671 5483
2671 9368
2671 7210
2672 7858
2673 8844
2673 8626
2674 3031
2675 4261
2676 4628
2677 2812
2677 5585
2679 5830
2680 6661
2680 6680
2680 8102
2680 9747
2681 7018
2682 8802
2682 9211
2682 8299
2683 6431
2683 6774
2684 5460
2686 4229
2687 9479
2688 4442
2689 6695
2690 7436
2690 8357
2692 8737
2692 4200
2693 4583
2694 9470
2694 3082
2694 6653
2695 5671
2696 6228
2696 8773
2697 9281
2698 3776
2698 6670
2698 6073
2698 8873
2699 9157
2704 9462
2705 3739
2706 9283
2707 9332
2708 8977
2710 5270
2710 8570
2710 4756
2711 6833
2711 5917
2712 9278
2712 7896
2712 7596
2713 6221
2714 9681
2715 3270
2715 9898
2716 3618
2717 7158
2717 9748
2718 4659
2718 8748
2719 7073
2719 6962
2720 8873
2720 5723
2721 3710
2722 8166
2722 7055
2723 2724
2723 5546
2723 8981
2724 8725
2726 9501
2727 6341
2728 6110
2728 9722
2729 6379
2729 4466
2730 5292
2730 9837
2731 9482
2731 8933
2731 3021
2732 4507
2733 7713
2733 2961
2733 9727
2734 5083
2734 9214
2734 8448
2735 5244
2736 6986
2737 7672
2738 8289
2740 8827
2742 7613
2742 3702
2743 6045
2743 9969
2743 3920
2744 3157
2744 4449
2745 3431
2745 7807
2745 7187
2746 2892
2746 4640
2748 7724
2748 3999
2748 4489
2749 3561
2750 8470
2751 6920
2751 8481
2751 2917
2753 8794
2753 2971
2754 4982
2755 3591
2755 9038
2756 6213
2756 8014
2757 9438
2757 9959
2758 6099
2759 8265
2759 8973
2759 9750
2760 4244
2762 5718
2763 5769
2764 4010
2764 4660
2764 5504
2765 5708
2765 7109
2766 7489
2767 5327
2767 4564
2768 9221
2768 5234
2769 4270
2770 4077
2771 8292
2771 6267
2772 6423
2772 6505
2773 5240
2774 5812
2774 9290
2774 5449
2775 3471
2775 6609
2776 3680
2778 9628
2779 6539
2780 8509
2781 4831
2782 5364
2783 4385
2785 8260
2786 8136
2787 5221
2787 5187
2788 7800
2789 9317
2791 5240
2791 9143
2791 9629
2793 7032
2794 3213
2794 3624
2795 8653
2795 7912
2796 7456
2797 8021
2800 6076
2800 8108
2800 5759
2801 3730
2802 5429
2802 8301
2802 9226
2804 7985
2804 8330
2805 5128
2807 3821
2810 4278
2810 5374
2811 7242
2813 5959
2813 9345
2815 8420
2815 4368
2816 4535
2816 7854
2817 8798
2819 4949
2819 5689
2819 5085
2819 2847
2820 9569
2821 7431
2822 6404
2822 7584
2822 9832
2823 8599
2825 5415
2825 9943
2825 2980
2826 3286
2826 7457
2827 5022
2827 9026
2828 7646
2828 9834
2829 5199
2832 8578
2832 5965
2834 4737
2835 6521
2836 7984
2837 7865
2837 8176
2838 8497
2838 9492
2839 3096
2840 4093
2841 9703
2843 3928
2844 6815
2845 9000
2846 3462
2846 6297
2847 5033
2847 8939
2848 6177
2848 8029
2848 3287
2849 7384
2850 3425
2850 7622
2851 7899
2852 5780
2852 7922
2855 4489
2856 3321
2856 3006
2857 8431
2858 9749
2859 5374
2859 7540
2863 6623
2865 7077
2866 7139
2866 3925
2867 3634
2867 4740
2867 9573
2868 8455
2868 6274
2869 6738
2869 8036
2870 8668
2871 5125
2871 5332
2871 7491
2872 6604
2873 7146
2874 4989
2875 3172
2875 8421
2875 6688
2876 7990
2876 5994
2877 5402
2877 6081
2879 3546
2881 4074
2882 9161
2882 8713
2883 8173
2883 5987
2884 3147
2885 6592
2886 4990
2886 8802
2887 8891
2888 9560
2888 8507
2889 5669
2891 4647
2891 5264
2891 6899
2892 4380
2892 6138
2893 5727
2893 6905
2893 5494
2894 6062
2894 9130
2894 6729
2895 4474
2895 8243
2897 3945
2898 4540
2898 8960
2902 4527
2903 8532
2903 5814
2904 3787
2905 2935
2908 8264
2909 9880
2910 8132
2911 5931
2912 4078
2912 9313
2913 8084
2913 3574
2913 9674
2913 5765
2913 5300
2914 6611
2915 8899
2915 9148
2917 9874
2918 8159
2918 9001
2919 2978
2919 5845
2919 8970
2920 7459
2921 3462
2922 6560
2922 9229
2923 4525
2924 6784
2924 6405
2924 5165
2925 7738
2926 6627
2926 5026
2926 9584
2927 3402
2927 8895
2927 7517
2929 7313
2929 4620
2929 7931
2932 3796
2933 7827
2933 3488
2934 3740
2936 5245
2937 7529
2937 9081
2937 7198
2938 7419
2939 6946
2940 5522
2940 4519
2940 6717
2941 3005
2941 8653
2943 4072
2943 5630
2943 7874
2944 8834
2944 3330
2946 3918
2946 4797
2948 9749
2949 8416
2950 5399
2951 9206
2952 6726
2953 3896
2953 5723
2953 6677
2954 5719
2955 9461
2957 6918
2958 4088
2959 8332
2959 7193
2959 3966
2960 6164
2960 7011
2961 4293
2964 5210
2964 6493
2966 8705
2966 8004
2966 9197
2967 4878
2967 4443
2968 8756
2969 3925
2969 7501
2971 6517
2972 9054
2972 9945
2972 9191
2974 4345
2976 8126
2977 8134
2979 5119
2981 3731
2981 6934
2982 9732
2983 6766
2983 8636
2983 9240
2983 4274
2983 7000
2984 6784
2985 6176
2986 6451
2986 8023
2987 6861
2988 3818
2989 4213
2990 3850
2990 3719
2991 9787
2992 3606
2993 8399
2993 4091
2994 5644
2994 8282
2995 6415
2996 8122
2996 6424
2996 8705
2997 3334
2997 3254
2998 9228
2999 6622
2999 8696
3000 4578
3000 4257
3000 6872
3001 3238
3002 6161
3003 3893
3003 6559
3004 7280
3004 9555
3008 4511
3008 4103
3009 4086
3010 7712
3010 3285
3010 9843
3011 4059
3011 7979
3013 9558
3014 4144
3016 6265
3016 6774
3017 3782
3017 9865
3018 8698
3019 6683
3019 3822
3020 6799
3020 5465
3021 3099
3022 9727
3022 9036
3023 4770
3023 5318
3023 8158
3024 8640
3024 5875
3025 4214
3026 5776
3026 3445
3026 5067
3026 7915
3027 6089
3029 7565
3029 7660
3030 4485
3030 5808
3032 3363
3032 9413
3033 4622
3033 9316
3034 9236
3034 9803
3035 4141
3036 4885
3037 6017
3038 5440
3039 8396
3040 4709
3040 9297
3041 5784
3042 8001
3042 8473
3042 8626
3042 5706
3043 5514
3043 5950
3043 6660
3044 7027
3046 6103
3046 3227
3047 9288
3047 5700
3048 9913
3051 7051
3051 9633
3052 9301
3052 5738
3053 3664
3053 3887
3053 9911
3055 6284
3055 8351
3056 5470
3056 3928
3056 7860
3057 3717
3060 6802
3061 5765
3063 5014
3064 4043
3068 4728
3070 3615
3071 6768
3071 7751
3071 3382
3072 3117
3072 3148
3073 8071
3074 8925
3075 7039
3075 9939
3076 3771
3076 8087
3077 4242
3078 8009
3078 8029
3079 6544
3080 3575
3080 8943
3080 6454
3081 7874
3081 8557
3082 7638
3083 6510
3083 9015
3084 3513
3085 8993
3085 3999
3086 3631
3086 3563
3087 5624
3088 9373
3089 6139
3089 7171
3090 4948
3090 5864
3091 6188
3092 4368
3092 7818
3093 5478
3093 3257
3094 9292
3094 3416
3097 8575
3098 6331
3098 4232
3102 4643
3103 9662
3104 6891
3104 9909
3104 6082
3105 7500
3105 8961
3106 3760
3106 3955
3107 4357
3109 4347
3110 4861
3110 5029
3110 9126
3111 4888
3112 3777
3113 7954
3114 3878
3116 9701
3118 9269
3118 6279
3119 6507
3120 6744
3120 6116
3121 9498
3121 4204
3123 9767
3124 7552
3124 8283
3125 9484
3126 6757
3127 9568
3128 3803
3128 6728
3130 7489
3131 4725
3134 7170
3134 3882
3135 3249
3135 9336
3136 9907
3136 9010
3137 9624
3137 4280
3138 8017
3138 3983
3139 6994
3140 3386
3140 6272
3140 7389
3140 7728
3141 6710
3143 6401
3143 7112
3143 9561
3144 6773
3144 5588
3145 7015
3145 7262
3146 5072
3146 6034
3147 3874
3148 9691
3149 5512
3150 8958
3150 4008
3150 5553
3151 4636
3152 6858
3152 9053
3154 8072
3155 8697
3155 7642
3156 8209
3158 7030
3159 9996
3159 7762
3160 4315
3160 4752
3161 4223
3162 7337
3163 4014
3164 8941
3164 3837
3165 5119
3165 6665
3166 5135
3167 4442
3167 7043
3168 5887
3169 6884
3169 6025
3170 5183
3170 4015
3172 6322
3173 8406
3173 5760
3174 9588
3175 7160
3176 9171
3176 5996
3177 4217
3177 9132
3178 7769
3178 5793
3181 3861
3181 5112
3181 5273
3182 3480
3183 6021
3183 8908
3184 5752
3185 9780
3186 3255
3186 5798
3186 4493
3188 8069
3189 5025
3190 3459
3190 9287
3190 3222
3191 9163
3192 8099
3192 4482
3193 4769
3193 7494
3194 5762
3194 8783
3195 5747
3195 4365
3197 9334
3198 4710
3198 6057
3199 4725
3200 7929
3200 9932
3200 4720
3201 9632
3202 3864
3202 5553
3202 6807
3203 6911
3203 3884
3203 9285
3204 8098
3204 7142
3205 7543
3206 3671
3207 5178
3207 7919
3208 3703
3209 5150
3209 3338
3209 9725
3209 9708
3210 7303
3211 7690
3214 6523
3214 8910
3214 8192
3215 9225
3215 3528
3217 8828
3218 9532
3218 9980
3219 6716
3219 8021
3221 8548
3221 5084
3222 3745
3223 7531
3223 9985
3225 9829
3226 5099
3227 9707
3227 9987
3227 8631
3228 9838
3229 6671
3230 9044
3232 5619
3233 7826
3234 9409
3235 9809
3235 6736
3236 6833
3237 4071
3237 5866
3238 9971
3239 6863
3239 9773
3240 3435
3241 6885
3241 7730
3242 7398
3242 3514
3243 6443
3243 9220
3245 6593
3245 6573
3246 5096
3246 7962
3246 6206
3246 7159
3247 4386
3248 5836
3248 9227
3250 4391
3250 7257
3251 7297
3252 5853
3253 9877
3253 7641
3253 4631
3254 3994
3254 4050
3255 8992
3256 6225
3256 9590
3256 6822
3257 5251
3258 9858
3260 8620
3260 8301
3263 6882
3264 7842
3264 8556
3265 4815
3265 5089
3265 4950
3265 9640
3266 4032
3267 7726
3270 8137
3271 8330
3271 4339
3272 3777
3273 6064
3275 7799
3276 5782
3277 3539
3279 4095
3279 6838
3280 4847
3281 6034
3282 5834
3282 8054
3282 8618
3282 4654
3283 7595
3284 9149
3284 9798
3284 8116
3284 9177
3285 9127
3287 7980
3287 8097
3287 4411
3288 8430
3289 7427
3290 7122
3291 5331
3291 8164
3292 4872
3293 4996
3294 4817
3294 8145
3295 5595
3296 4446
3296 9856
3297 8757
3298 4691
3298 9140
3298 6547
3298 9028
3299 9366
3300 6990
3301 4439
3301 8756
3301 9562
3301 5934
3302 7341
3303 5215
3303 7729
3304 5302
3305 6513
3306 6249
3307 8212
3307 3745
3307 8076
3308 9648
3308 8150
3310 4768
3311 6483
3312 9137
3313 4854
3314 3513
3314 7673
3315 3585
3315 7410
3316 9411
3316 8988
3320 5561
3321 8313
3324 5379
3324 5084
3325 8920
3325 9035
3326 7252
3326 8788
3327 7627
3328 4034
3328 6474
3329 6792
3329 4842
3331 9412
3331 5822
3332 7700
3332 8143
3333 8148
3335 7482
3336 4582
3337 4372
3337 7585
3338 3847
3338 9600
3339 9847
3339 6929
3341 5844
3341 9676
3342 3719
3344 9547
3344 8799
3345 6800
3346 3701
3347 5001
3347 8691
3347 9356
3347 6560
3348 9148
3350 5813
3350 7449
3352 9256
3353 7601
3354 7435
3354 4987
3354 7051
3356 7653
3356 7195
3356 4545
3356 3594
3357 7001
3358 9977
3359 3409
3360 3422
3360 3929
3361 9720
3362 4626
3362 5003
3363 9473
3363 4852
3364 7937
3366 8644
3366 9113
3367 6839
3367 4352
3368 9128
3370 9002
3371 9595
3372 3988
3372 7591
3373 4860
3374 6227
3375 7128
3375 9078
3375 7460
3375 4867
3376 5910
3377 9442
3377 7309
3378 7574
3380 8285
3381 5652
3381 8936
3382 7828
3383 4550
3384 5176
3384 7715
3385 3470
3385 7192
3387 8154
3387 6938
3387 5576
3387 7217
3388 6918
3388 8216
3388 9096
3389 9347
3390 4023
3390 3601
3391 8233
3392 6970
3393 8295
3393 5499
3394 8557
3395 5191
3395 8998
3396 7072
3397 4697
3398 6640
3400 4933
3400 5049
3400 7400
3401 9772
3401 8508
3403 6438
3403 9120
3404 7872
3406 5218
3406 7964
3407 7289
3407 7991
3408 4322
3410 7829
3411 5429
3412 8287
3412 9490
3413 5397
3413 8474
3414 4284
3415 6865
3415 8536
3415 7498
3416 4346
3416 8812
3417 6408
3417 8025
3418 8308
3418 8768
3418 5243
3418 8441
3419 5406
3419 8476
3419 4585
3420 5820
3420 8990
3420 7280
3421 6747
3423 6141
3424 8440
3424 8698
3424 9577
3425 5255
3426 9651
3426 9978
3426 9839
3427 7868
3429 8032
3429 7866
3430 8910
3433 5297
3435 5441
3436 7807
3437 3717
3438 7437
3438 9663
3438 8594
3439 6253
3440 7179
3440 8024
3441 7961
3442 9400
3443 5459
3444 7687
3445 4613
3446 8677
3446 4348
3447 7513
3448 4954
3448 7979
3449 8379
3450 4359
3450 3468
3451 4360
3452 7886
3452 7654
3452 7657
3453 7463
3453 3617
3454 5908
3455 6655
3456 5257
3456 8146
3456 8048
3456 8517
3457 4683
3458 3932
3459 6922
3461 6705
3461 3804
3461 9453
3461 6138
3462 6298
3462 7485
3463 3916
3463 8930
3464 3951
3464 6608
3466 4594
3466 7989
3466 6351
3469 7817
3469 9257
3471 4548
3471 7830
3471 8443
3471 9082
3472 8494
3473 6077
3474 8793
3475 9970
3476 4354
3477 5627
3478 9985
3479 3928
3480 6457
3481 4833
3482 4644
3483 8947
3484 8881
3485 3831
3486 5927
3486 7694
3486 9754
3486 4913
3487 4218
3487 4965
3488 7354
3488 8871
3489 9328
3490 5683
3491 4734
3491 9128
3492 9499
3493 7063
3494 7692
3494 9972
3495 6977
3495 6726
3496 7226
3497 5698
3498 5749
3498 7660
3499 8208
3501 7256
3502 8838
3502 5664
3502 3976
3503 9057
3504 7890
3505 6553
3506 5076
3506 7266
3507 3656
3508 8594
3508 9520
3509 7198
3511 4109
3515 4239
3515 7339
3516 5384
3517 9140
3518 4899
3519 4084
3520 9334
3520 6997
3521 6487
3521 6570
3521 4463
3521 9930
3522 7906
3522 6706
3523 5048
3524 9521
3524 5026
3526 8359
3528 9488
3529 5285
3530 7543
3530 4734
3532 9968
3533 5279
3533 4142
3534 3903
3534 7181
3535 9279
3535 9932
3537 4953
3538 4189
3538 9430
3538 8701
3539 7851
3540 4014
3540 4564
3542 3976
3542 9879
3543 3609
3544 9044
3545 4930
3545 7486
3546 3947
3547 4744
3547 6266
3547 8930
3548 8724
3548 6161
3549 9372
3549 3679
3550 5070
3550 6764
3551 7544
3551 3569
3553 6143
3553 5208
3554 3648
3555 6676
3555 7029
3556 8437
3557 8726
3557 4529
3558 4652
3559 8289
3560 9916
3560 5118
3561 8286
3561 3985
3561 8781
3563 7925
3564 7997
3565 6274
3566 4025
3567 7202
3569 4689
3571 8946
3572 8739
3572 6665
3573 5943
3573 9657
3574 9162
3575 7794
3576 7277
3577 3728
3577 6747
3577 8089
3578 4650
3579 6430
3580 3974
3580 8360
3581 8513
3581 9088
3581 9992
3582 6377
3584 7738
3584 9851
3585 8630
3586 4624
3588 8843
3589 8641
3590 9239
3590 4672
3591 4324
3591 4438
3592 8789
3593 5269
3594 7758
3595 7410
3596 4355
3597 7975
3597 6584
3598 8112
3599 9454
3600 7757
3600 5397
3601 4154
3601 9100
3604 5951
3604 6009
3604 3734
3605 3725
3607 6689
3607 5234
3607 5077
3608 5874
3608 4661
3609 3880
3611 7691
3612 5923
3613 4799
3613 8758
3614 8792
3615 8660
3616 4190
3618 4976
3618 5815
3618 6856
3619 8770
3620 6266
3621 5582
3622 6824
3622 9414
3622 8653
3623 4104
3623 7067
3623 8586
3624 4136
3624 8891
3625 7986
3625 9444
3626 4325
3626 7101
3627 9340
3628 5551
3628 8886
3628 6802
3633 9389
3633 7584
3635 9558
3635 6136
3636 8611
3637 3890
3638 4718
3638 4837
3639 7257
3640 8547
3640 5004
3640 4276
3642 9360
3642 4440
3643 9834
3644 8633
3645 4833
3645 7406
3645 8130
3645 5840
3646 7399
3647 9692
3648 6460
3648 7974
3649 5275
3651 4206
3652 9072
3653 7060
3653 8984
3654 9810
3655 7631
3655 6020
3656 5002
3656 6482
3658 6702
3659 5505
3660 6271
3660 4615
3661 7317
3661 9552
3661 7483
3662 9321
3663 9504
3665 5572
3665 9722
3666 8810
3667 4331
3667 5226
3668 6368
3669 9922
3669 5907
3670 8428
3670 6274
3674 3715
3674 5861
3675 5256
3675 8269
3675 7216
3677 8566
3678 4683
3678 9184
3678 5529
3679 6278
3682 6159
3682 5977
3685 8057
3686 5204
3686 8285
3687 7056
3688 9939
3688 5716
3690 5818
3690 6591
3691 5409
3691 5804
3691 4105
3692 6981
3693 7415
3693 4520
3695 7306
3695 6170
3695 8011
3696 7095
3697 9671
3698 6776
3699 9074
3700 8445
3701 4694
3702 7652
3703 7492
3703 4377
3704 5669
3705 7518
3706 5945
3706 4228
3707 5285
3708 8120
3709 4380
3710 6165
3711 8541
3711 5395
3712 4410
3713 8724
3716 4228
3717 6389
3718 8677
3719 3968
3719 8126
3720 6544
3721 8012
3721 8185
3722 5520
3723 8315
3724 9452
3725 5968
3725 8572
3727 7356
3727 5524
3729 3790
3729 8989
3730 7208
3730 4509
3731 7917
3732 8096
3732 6729
3733 3777
3735 5608
3735 6983
3736 8941
3737 4068
3738 4188
3738 9794
3739 8501
3740 9184
3741 8505
3742 6078
3743 8160
3744 4997
3744 5145
3745 4473
3746 7310
3746 5098
3747 7083
3749 4588
3750 6781
3750 6568
3752 8906
3752 3953
3753 7294
3754 4928
3755 4225
3756 8523
3756 7465
3757 6321
3758 6044
3758 6872
3759 9252
3759 8111
3761 5381
3763 5089
3765 7177
3767 7186
3768 9347
3768 8281
3769 4789
3770 8791
3771 4894
3771 5880
3771 9342
3772 9710
3774 8875
3775 9524
3776 5607
3777 6226
3777 9618
3778 5745
3778 5732
3778 9244
3779 8935
3781 7819
3783 5487
3783 6969
3783 7163
3784 4753
3784 5187
3788 7563
3789 8791
3791 9432
3792 4805
3793 5754
3794 5835
3794 4265
3796 8468
3796 7096
3797 4471
3797 8407
3799 7686
3800 5082
3802 5676
3802 5798
3804 7022
3804 9112
3805 5617
3805 9045
3806 8803
3806 9005
3806 4569
3807 8791
3809 4666
3809 8555
3810 6340
3811 4642
3812 9009
3813 7187
3814 9119
3815 6484
3815 9512
3816 4763
3816 8241
3817 4535
3819 6989
3819 6459
3820 6194
3821 8162
3821 8526
3822 6561
3822 9027
3822 9172
3823 7492
3824 7107
3825 8263
3826 7109
3826 9508
3827 9237
3828 6596
3830 5569
3831 8509
3832 6066
3833 5684
3835 4515
3835 9987
3836 8800
3837 8278
3837 7719
3838 9467
3839 9654
3840 5915
3840 8321
3841 7966
3842 5061
3842 8454
3844 9273
3845 8769
3846 5848
3846 7657
3848 3961
3849 4764
3851 7538
3851 9994
3853 6324
3853 7459
3854 4017
3854 7662
3854 7101
3856 7230
3858 8266
3859 6271
3860 7707
3862 8817
3864 8772
3864 8919
3865 5380
3866 7032
3866 4678
3867 8248
3868 9393
3868 4325
3869 7272
3869 4896
3870 8263
3872 6758
3872 6541
3873 7523
3874 7857
3874 8657
3875 6992
3875 5790
3875 8013
3876 5448
3877 8890
3878 6216
3879 7064
3881 4396
3881 5029
3882 9282
3883 9999
3884 9835
3885 5306
3885 9361
3885 5117
3886 7053
3887 8688
3888 8257
3889 5058
3890 4201
3891 5074
3891 7333
3891 4923
3891 8505
3892 6529
3892 7141
3895 4836
3897 4039
3897 6054
3897 7468
3898 7867
3898 9101
3900 7487
3900 8208
3901 4818
3901 8716
3902 4009
3903 9274
3903 7709
3904 4685
3904 9039
3906 9276
3906 7356
3907 7068
3907 7129
3907 7860
3907 5878
3908 4513
3909 4329
3909 7390
3910 9286
3912 9776
3914 7869
3914 9995
3915 4403
3916 4213
3917 8270
3920 4036
3921 8319
3921 4524
3922 5222
3923 6249
3924 8766
3924 9413
3926 6651
3926 7933
3926 4682
3927 7250
3928 8651
3929 6260
3932 5992
3934 5355
3936 9104
3936 6365
3937 9464
3938 8005
3939 6776
3940 5342
3940 6642
3941 5686
3941 5853
3942 5345
3942 8190
3942 9379
3942 7010
3943 5566
3944 8692
3944 4672
3945 7524
3946 8495
3946 7221
3947 4111
3948 7949
3949 9186
3950 6049
3950 8891
3952 6524
3953 6801
3954 4332
3956 8194
3956 7745
3958 5039
3959 8069
3960 9905
3960 8048
3961 8103
3961 4543
3962 5164
3962 6071
3963 7334
3964 7462
3965 6498
3966 6224
3969 9846
3971 5375
3972 4912
3973 8328
3974 4609
3975 9526
3977 4995
3978 5524
3979 7490
3981 5541
3981 9326
3982 7615
3983 7281
3985 8666
3985 9167
3986 6215
3987 9745
3989 9131
3990 9765
3990 6626
3991 5879
3991 9463
3993 7868
3995 4278
3996 8054
3998 8478
3998 9953
4000 5819
4001 9984
4002 4628
4003 4137
4003 8020
4003 5317
4004 5883
4005 9520
4007 7222
4007 7638
4008 9976
4011 9636
4011 6122
4012 7882
4012 9904
4013 7184
4014 4542
4015 4259
4015 4114
4016 5551
4017 6873
4017 8221
4018 7063
4020 5275
4021 6195
4022 7663
4023 8836
4024 7114
4024 9154
4025 6638
4028 9990
4029 4779
4030 6756
4031 6959
4032 6713
4032 6077
4033 7998
4034 5811
4034 4602
4034 5695
4035 5048
4037 8135
4038 9302
4038 7923
4040 5997
4040 4245
4040 8690
4041 4828
4042 6552
4042 5543
4043 6047
4044 6156
4045 8750
4045 5965
4045 8321
4047 4241
4048 5190
4048 9888
4049 6940
4050 8805
4050 9333
4051 4608
4051 5970
4052 4627
4052 4164
4053 7525
4053 7429
4054 7778
4060 8429
4063 8848
4063 8554
4064 5984
4065 8528
4065 7866
4065 9681
4066 4747
4066 6852
4067 7553
4067 5649
4069 5932
4072 6573
4074 6703
4074 6708
4076 7704
4077 4180
4079 6693
4080 8502
4081 5508
4081 7283
4082 5317
4083 8178
4083 9316
4085 4992
4086 8715
4086 9696
4086 5363
4087 4939
4089 9786
4089 6860
4090 8503
4090 9098
4091 7799
4092 8273
4092 4482
4092 8367
4093 8127
4093 9534
4094 5718
4094 5901
4096 5962
4097 7665
4097 9602
4098 4928
4099 5405
4100 6306
4100 4688
4101 4140
4101 8214
4101 8617
4102 4882
4102 6712
4103 5496
4105 8733
4105 8908
4106 8368
4106 7258
4107 4501
4108 9634
4111 9892
4112 9659
4113 7555
4114 6201
4115 5490
4118 9807
4119 7331
4119 8743
4120 7893
4120 5134
4122 6624
4122 6632
4123 6518
4124 5789
4124 9595
4124 4465
4124 9999
4125 9728
4127 4914
4127 9918
4127 8036
4129 5476
4130 8862
4131 6321
4132 8381
4133 9064
4133 7601
4133 5123
4134 8154
4135 6493
4136 8543
4138 5233
4138 4857
4139 8303
4141 7634
4145 9937
4145 6439
4146 4302
4147 7682
4149 7997
4150 8852
4152 9061
4152 4879
4153 4633
4153 5226
4153 8789
4156 7466
4158 6585
4158 6015
4159 4534
4159 9941
4160 8066
4162 6480
4162 8282
4162 7746
4162 7784
4163 7933
4164 6540
4164 7132
4165 9118
4165 9806
4165 6436
4167 8900
4167 4490
4168 7743
4168 5994
4168 5845
4170 8022
4170 7929
4171 6990
4172 6415
4173 8847
4174 6787
4175 9936
4175 8639
4178 8828
4178 9514
4179 8432
4180 9661
4181 9280
4182 6096
4182 6561
4183 6118
4184 8183
4186 4943
4187 5586
4187 5679
4188 6576
4190 9312
4191 7721
4194 8668
4195 7562
4195 6351
4195 6643
4196 6869
4197 5398
4198 9294
4199 5679
4199 4703
4199 6302
4200 8344
4200 8790
4200 7937
4202 8831
4203 6213
4204 9827
4204 7143
4205 5674
4206 6352
4206 9411
4208 8429
4209 7431
4210 6960
4212 6968
4214 6925
4214 9010
4214 6901
4215 5090
4215 5259
4215 4412
4216 6935
4218 7856
4220 7075
4223 6440
4224 6199
4224 7669
4224 4768
4224 7030
4226 7100
4227 4823
4228 8768
4229 6818
4229 7019
4230 9778
4230 7842
4231 5378
4232 7450
4233 7568
4235 8195
4235 9755
4235 5745
4236 9591
4236 9667
4237 9253
4240 5222
4240 5171
4240 7115
4240 8499
4241 4538
4244 4381
4244 4877
4244 8717
4245 8833
4246 5005
4248 9089
4248 7292
4249 4269
4249 9688
4249 4333
4250 8210
4252 4966
4253 4515
4255 9405
4256 5166
4256 9016
4256 5886
4259 7057
4260 9940
4260 4643
4262 6595
4263 9609
4264 8517
4264 7610
4265 6483
4265 8509
4266 7848
4268 9429
4269 6148
4269 7832
4269 6294
4272 6727
4273 8937
4274 9365
4276 7216
4277 6000
4278 8288
4279 7244
4279 8323
4280 9333
4281 9706
4282 4909
4282 5793
4283 4808
4283 4743
4284 4994
4284 7337
4284 4426
4285 8152
4285 4602
4286 4891
4287 4961
4287 6465
4288 6215
4288 7371
4288 7875
4289 8028
4290 9273
4291 4640
4292 7468
4293 8293
4293 7081
4294 5024
4295 6750
4296 7058
4297 9528
4298 8761
4299 6452
4300 4676
4300 4595
4301 4306
4301 4513
4301 9126
4301 5959
4302 4950
4303 8539
4303 8106
4304 7126
4307 6775
4308 9385
4309 5346
4311 9792
4312 6381
4313 6457
4314 8090
4314 7228
4315 6746
4317 6955
4317 8248
4318 5755
4318 7587
4318 5434
4319 8327
4319 6575
4320 9964
4320 9069
4321 8900
4322 6587
4322 5865
4324 6398
4325 7329
4326 7071
4326 7940
4326 9320
4327 5576
4328 8508
4333 4477
4333 6769
4334 9344
4335 6365
4337 6607
4338 8953
4338 5390
4339 6725
4339 5262
4340 8579
4340 9706
4340 9962
4340 5308
4341 5405
4341 5694
4341 7364
4342 8070
4343 8841
4343 9788
4344 6181
4346 6975
4347 7155
4347 5865
4348 5488
4349 4774
4350 6467
4350 7818
4351 4814
4352 9495
4352 4755
4354 7480
4355 5312
4355 8880
4356 9800
4356 9873
4357 6693
4357 4821
4359 7953
4360 7779
4360 5700
4360 5806
4361 9393
4362 7752
4362 7376
4363 6760
4364 5750
4365 9369
4366 9382
4367 8504
4367 6155
4368 7811
4369 9285
4371 6116
4371 6518
4372 8764
4374 7810
4375 7557
4375 8680
4377 8095
4377 5068
4377 7454
4379 4570
4379 8862
4380 6219
4381 4845
4383 7827
4384 6279
4385 4635
4385 9264
4386 7828
4387 6946
4387 8960
4388 4677
4389 9695
4390 7664
4392 7043
4393 4434
4397 5236
4397 8047
4397 7217
4397 7431
4398 7050
4399 5755
4401 9271
4401 7981
4402 5435
4404 7475
4406 8378
4406 9679
4407 9020
4408 4932
4408 6834
4408 7574
4409 5365
4409 9548
4409 4614
4410 7603
4410 5884
4411 9391
4411 8498
4412 4889
4413 9541
4414 8109
4415 9980
4416 7386
4416 9398
4417 8303
4419 8073
4420 7832
4421 6152
4421 6804
4421 4780
4421 6019
4422 8847
4423 7541
4423 9320
4424 9847
4426 7992
4427 6760
4428 5409
4429 4651
4429 4631
4430 9974
4430 6813
4431 6935
4432 6807
4432 7720
4433 9253
4435 5413
4435 8616
4436 7312
4437 6418
4437 6903
4437 7991
4440 8264
4441 7259
4443 7785
4444 7382
4446 9608
4447 7936
4447 9737
4447 7662
4448 4905
4449 6532
4450 4468
4453 6988
4453 7410
4453 7166
4454 8765
4454 9236
4455 7087
4455 7334
4457 9486
4457 7659
4458 8257
4458 5651
4459 6763
4460 5741
4462 8551
4463 9398
4463 5682
4465 9074
4467 5865
4469 8566
4474 9213
4475 6618
4475 8724
4476 8605
4478 6083
4478 8878
4478 7070
4479 4714
4479 5510
4479 6487
4480 6001
4480 6792
4481 8049
4484 8257
4485 6878
4485 4741
4486 9440
4486 8079
4487 5826
4488 5516
4490 7123
4490 9514
4491 9008
4493 5614
4493 9465
4493 9487
4494 8727
4494 4629
4495 5321
4496 8982
4496 8458
4496 7008
4498 7126
4498 9926
4499 6756
4500 9942
4501 9300
4502 8807
4503 8960
4504 6005
4504 6013
4505 6430
4508 9607
4508 7288
4509 7759
4510 8880
4511 9418
4512 4638
4512 6908
4513 9052
4514 7338
4514 8381
4514 6206
4516 5009
4516 7641
4517 7899
4517 6765
4518 5668
4519 9320
4520 5668
4521 5295
4522 6874
4523 7054
4523 5474
4529 8469
4530 6498
4530 8942
4530 7910
4531 7289
4532 5879
4534 9355
4537 5356
4538 5696
4538 8091
4538 9155
4539 6964
4540 5538
4543 5352
4544 8253
4544 8536
4547 5529
4549 8122
4550 8341
4551 8446
4553 7523
4554 9494
4554 4953
4555 6261
4555 6854
4555 9691
4555 4916
4556 6534
4556 9893
4557 4611
4557 9745
4558 6862
4558 8972
4558 9448
4559 8296
4561 7270
4561 7401
4561 4946
4562 7695
4562 8382
4562 6492
4563 7009
4565 9367
4565 7194
4565 9697
4566 6320
4566 7602
4566 4581
4567 7737
4568 5709
4568 9963
4570 6870
4571 8213
4572 6888
4572 7059
4573 9420
4574 9802
4576 7702
4576 9675
4577 8775
4580 4940
4580 5136
4581 6626
4581 6813
4581 5635
4583 9886
4584 7198
4585 5529
4586 8210
4587 9714
4588 9146
4589 9896
4589 4599
4590 9525
4591 8078
4593 8503
4594 5759
4596 8986
4599 7862
4599 9289
4599 6188
4600 7378
4601 5165
4601 7805
4602 6556
4603 7576
4604 6228
4605 4934
4606 7633
4606 9207
4606 8172
4607 6345
4608 5041
4609 8224
4610 5859
4610 6697
4611 5147
4612 9876
4613 9103
4614 4875
4614 5211
4614 7863
4615 9970
4615 7867
4616 5453
4617 6093
4618 5304
4619 9516
4619 8578
4620 5463
4620 9650
4621 7704
4621 7549
4622 5654
4623 7579
4624 7782
4625 9039
4625 6788
4629 6715
4630 7405
4630 7518
4631 6553
4632 8861
4633 5180
4633 5229
4636 4746
4637 9857
4642 8392
4643 6601
4643 9051
4643 8982
4645 4810
4645 4992
4646 4786
4646 9985
4646 5444
4647 7501
4648 9325
4649 4902
4649 9202
4650 8159
4652 5186
4653 4700
4653 8612
4653 9536
4653 5021
4654 7493
4655 9212
4655 7650
4656 8290
4658 8521
4659 7829
4661 7776
4662 9967
4663 6640
4664 8418
4665 5498
4667 8076
4667 5929
4669 7601
4670 9328
4671 6610
4672 8701
4673 6082
4674 5011
4675 4886
4676 6508
4677 6363
4678 8832
4679 5069
4680 9627
4680 7754
4681 9742
4682 8274
4683 6056
4684 4801
4684 9484
4686 5030
4686 6454
4688 6845
4688 6803
4689 8400
4690 7091
4692 5389
4693 7680
4696 7363
4696 9956
4696 5854
4698 5656
4699 8386
4701 6939
4701 9344
4703 5352
4704 8551
4705 8464
4705 9865
4706 5323
4706 7701
4707 6128
4708 8929
4708 7055
4711 7681
4711 9572
4713 5407
4714 5528
4715 9322
4717 7342
4717 4937
4719 7012
4719 7679
4719 7939
4720 5977
4720 7236
4722 6967
4723 4773
4723 4854
4724 5146
4725 7880
4726 5559
4726 8910
4727 9026
4728 5986
4728 7799
4729 8133
4729 5065
4731 9876
4731 9275
4732 6819
4732 7563
4733 7653
4734 4765
4735 6849
4735 4915
4736 9400
4736 6525
4737 4957
4738 7548
4738 6437
4739 7672
4740 5930
4741 8732
4742 7406
4743 7446
4748 8837
4749 7834
4751 7438
4752 6137
4752 8896
4752 4937
4752 9254
4754 7823
4755 8310
4756 8592
4757 6898
4757 8610
4758 9067
4758 6171
4759 8043
4759 9625
4759 8654
4760 4884
4761 5230
4762 9899
4762 8037
4764 8933
4765 7758
4766 7135
4767 6337
4768 9802
4772 5131
4772 5541
4774 5388
4774 5089
4775 6698
4776 7695
4777 5842
4778 9342
4780 9296
4781 7536
4781 8261
4781 7963
4784 6695
4785 7696
4785 8266
4786 7346
4787 7466
4788 6969
4790 9601
4791 6776
4791 8063
4792 6524
4792 9554
4794 5273
4795 9721
4795 8930
4796 9050
4797 6628
4797 9808
4798 6810
4798 8128
4798 6877
4800 5820
4802 5192
4803 7589
4806 9697
4807 9513
4808 6333
4808 7508
4809 7154
4809 8081
4811 8980
4814 8473
4816 5482
4818 6538
4819 6722
4821 7885
4823 5143
4824 5587
4825 6233
4825 8879
4825 5711
4827 5734
4827 7433
4828 4858
4828 5496
4829 4919
4830 7475
4831 7898
4835 6233
4837 5740
4838 5444
4838 9986
4838 8189
4840 9258
4840 9871
4841 6880
4841 8023
4843 8025
4844 8286
4846 6774
4846 7096
4846 6454
4847 8734
4849 8913
4849 5305
4850 5408
4850 8842
4850 5850
4850 9126
4851 7050
4851 7852
4852 5562
4853 5540
4854 6618
4856 7642
4856 8500
4857 6260
4859 8771
4862 6123
4862 5363
4862 7734
4863 8465
4864 5578
4864 8094
4865 8015
4866 9938
4867 7700
4868 8484
4869 7557
4871 5090
4873 6311
4874 9364
4880 7138
4881 7327
4881 4953
4885 7061
4885 5569
4887 8935
4887 9416
4887 9200
4888 5916
4890 6555
4891 5980
4891 9769
4891 5841
4892 9760
4895 6035
4895 5278
4896 9888
4896 8430
4897 6778
4898 8387
4898 5548
4899 5910
4900 9924
4901 7187
4903 8627
4904 9587
4904 6577
4905 7033
4906 6309
4908 7396
4909 8614
4911 8697
4913 9812
4915 7190
4916 9634
4917 7666
4918 9727
4919 7391
4920 6102
4921 5142
4921 7929
4922 5516
4924 8764
4926 7099
4926 8493
4926 6999
4926 5818
4929 9722
4930 6631
4931 7911
4931 9218
4934 9628
4935 7601
4937 9390
4938 9698
4939 9487
4942 7668
4943 6373
4943 7926
4944 7077
4945 6019
4945 5687
4947 5078
4947 9930
4947 9570
4950 5691
4951 9358
4952 7263
4953 5618
4954 5467
4955 8452
4956 8766
4958 7362
4958 8263
4959 5875
4960 8586
4962 8468
4964 7712
4967 6262
4968 8852
4968 8907
4968 8867
4970 5703
4971 5877
4972 5410
4973 6203
4974 5127
4975 8415
4975 9666
4977 6025
4977 7465
4978 6943
4979 7446
4981 7765
4983 8117
4983 9458
4983 9471
4984 5501
4986 9957
4988 9564
4988 8499
4988 8437
4988 9899
4989 6526
4991 9399
4991 5850
4992 6604
4993 5126
4993 6025
4994 6348
4995 5827
4995 7589
4998 6601
4999 8969
5000 6134
5001 5386
5001 5650
5001 8738
5002 5515
5003 8562
5003 7888
5004 6830
5004 5371
5005 6981
5006 7573
5007 8589
5010 8714
5012 9417
5014 8494
5015 6635
5016 8279
5017 9718
5021 8965
5022 5555
5024 5694
5025 8809
5027 6635
5031 9007
5031 6076
5032 8434
5032 5520
5036 7797
5037 7611
5037 8211
5038 7643
5039 8368
5040 5703
5042 9441
5042 8983
5043 8647
5043 8420
5044 9277
5045 7769
5046 8436
5048 5897
5048 5215
5049 6309
5050 7057
5052 5461
5053 8925
5053 6800
5054 7639
5055 8703
5055 5588
5056 9951
5057 8518
5058 8966
5058 8888
5059 9063
5059 9890
5059 9433
5062 8781
5062 5765
5063 7714
5064 6432
5065 8587
5065 6491
5066 7369
5067 6572
5069 9032
5073 8904
5073 6940
5077 6253
5077 6805
5078 8719
5081 9952
5085 9566
5085 6996
5086 5498
5086 5621
5087 8314
5087 6675
5088 5730
5091 7599
5091 8876
5093 8504
5094 5331
5096 7275
5098 7608
5099 7443
5099 6234
5100 8540
5101 8200
5102 7741
5102 9125
5102 7721
5103 6313
5105 9654
5106 8744
5106 8681
5110 9210
5110 9038
5110 7858
5112 5781
5112 8374
5112 8816
5113 8606
5113 8670
5113 7351
5113 9009
5114 7631
5115 5985
5116 9241
5117 5143
5118 8965
5118 6397
5121 9000
5121 6672
5121 9068
5122 6315
5122 5757
5123 6104
5123 9964
5124 5665
5126 6172
5128 7376
5128 7864
5129 6645
5130 6409
5133 8062
5133 8026
5134 5684
5135 9096
5135 8706
5136 8280
5136 9144
5138 5247
5139 5610
5140 7778
5140 7777
5141 6234
5143 8753
5144 5868
5145 5552
5145 6490
5146 6677
5148 7686
5148 6096
5149 9752
5151 9608
5152 6632
5152 7952
5152 6108
5154 6151
5154 8062
5160 6479
5160 8995
5161 6317
5161 6000
5161 5665
5163 5767
5167 9275
5167 9960
5169 9050
5171 9405
5172 9817
5173 6110
5174 5928
5174 6536
5175 9683
5176 5560
5176 6130
5177 7978
5179 9603
5181 5735
5182 9825
5182 8112
5183 7808
5184 9921
5184 9182
5186 6599
5187 5411
5187 8538
5188 8053
5188 9821
5188 6534
5189 7893
5192 7914
5193 5984
5194 8189
5195 7097
5196 8177
5197 5254
5197 6516
5198 7533
5199 8491
5199 9730
5199 7768
5200 9833
5201 6358
5202 7316
5202 5757
5203 8209
5203 8356
5204 6597
5204 9760
5205 6490
5206 5385
5206 5446
5207 5390
5208 7269
5209 7637
5210 6197
5213 7957
5216 5513
5216 9175
5217 8723
5219 6287
5220 6003
5220 6867
5220 7488
5223 9549
5223 5809
5224 7620
5224 9219
5224 5741
5225 7254
5227 8929
5228 6755
5228 7521
5228 5804
5229 6668
5229 7951
5230 9447
5231 7720
5235 9074
5238 6937
5238 7640
5238 6481
5241 5632
5241 7315
5242 7751
5243 8912
5243 6316
5244 8402
5245 5829
5245 8292
5246 6038
5247 7978
5247 6036
5248 5849
5250 8525
5251 6190
5252 7475
5252 9953
5252 6869
5253 8561
5253 7791
5255 5390
5258 8654
5259 8934
5260 9715
5261 7952
5262 6590
5263 8985
5264 7250
5265 6507
5265 8514
5265 5677
5267 5807
5267 6318
5267 9897
5267 7410
5268 9623
5269 7100
5271 9249
5272 5434
5275 7987
5275 7788
5276 9350
5277 5661
5278 5717
5280 5991
5281 5810
5282 6246
5283 7831
5284 9067
5286 9740
5286 9595
5288 6102
5289 9852
5290 8669
5291 5879
5293 6387
5295 6727
5296 5693
5297 8310
5298 6412
5298 8143
5299 5340
5300 8957
5301 5585
5302 9404
5302 7740
5303 5715
5303 7967
5305 6198
5305 9595
5307 7610
5307 8812
5308 7283
5309 7265
5310 8964
5311 7801
5313 9997
5313 9182
5314 9781
5315 9172
5315 6516
5316 8924
5317 7636
5319 5918
5319 9753
5320 8641
5324 6641
5324 7124
5324 7651
5324 9729
5325 5924
5325 8495
5328 6195
5329 5972
5330 9924
5330 9133
5333 9195
5333 6556
5334 6365
5336 9115
5338 5600
5339 9510
5341 6903
5343 5481
5344 8549
5344 5664
5346 6378
5346 7123
5347 6171
5348 8981
5348 6474
5349 7141
5350 7740
5350 7147
5351 7453
5353 8696
5354 9710
5355 6161
5357 6498
5358 8995
5359 6276
5359 5663
5360 5730
5361 7164
5361 5415
5362 5889
5364 6427
5368 8705
5369 7507
5369 8215
5370 9679
5371 6876
5373 9771
5375 6201
5377 5686
5378 6063
5380 5457
5380 9138
5381 6777
5381 9521
5383 7204
5383 5969
5387 5825
5389 9095
5390 6971
5391 8506
5392 5593
5392 9145
5392 9939
5394 6090
5395 6797
5395 6980
5396 5693
5401 8583
5402 7534
5403 6386
5403 6406
5403 6652
5404 8028
5408 6186
5411 9198
5412 7742
5414 7957
5414 7477
5415 7614
5417 5890
5418 7790
5419 7670
5419 7615
5420 8356
5421 9746
5421 9013
5422 7301
5423 9265
5424 6310
5425 9187
5427 8490
5428 9034
5429 7528
5430 8188
5431 6449
5431 6282
5432 6764
5432 7997
5433 9854
5433 5562
5434 7667
5434 8376
5435 9812
5436 6097
5437 6385
5437 7929
5439 5722
5439 9826
5441 9868
5442 8940
5442 9374
5443 8224
5444 5455
5445 6660
5446 6583
5449 9154
5450 9720
5451 8049
5453 6836
5454 6854
5456 8656
5456 7350
5456 8349
5457 6357
5458 5745
5459 5887
5460 7387
5461 9902
5462 9879
5462 7658
5463 9037
5464 7575
5464 9618
5466 9995
5466 7678
5469 8148
5471 8046
5472 6863
5474 9286
5474 7943
5475 6342
5475 7066
5476 6916
5476 5481
5477 7965
5478 7744
5479 7837
5480 8533
5481 5839
5482 9472
5482 6217
5482 6640
5483 9439
5485 8206
5486 7558
5490 7663
5491 9682
5493 6792
5495 9766
5497 9533
5498 6929
5498 6382
5501 5927
5502 8110
5502 7779
5503 7258
5504 6338
5504 9668
5505 7919
5506 6471
5506 8685
5507 7738
5508 7095
5509 8205
5509 9175
5510 6359
5511 7533
5512 5640
5512 8540
5515 8346
5518 8838
5520 8234
5521 6491
5522 7793
5522 5942
5522 9086
5523 7091
5524 5891
5524 8060
5524 9100
5529 7461
5530 9200
5534 7720
5534 6720
5535 7893
5539 6326
5540 9777
5541 8891
5542 9130
5543 5604
5543 8956
5543 8166
5545 8242
5546 9475
5547 9951
5548 8917
5548 6908
5550 6427
5550 9072
5550 7927
5554 8479
5556 8500
5557 6614
5557 7041
5558 8938
5559 7064
5559 9961
5561 8761
5563 7591
5563 6657
5565 8306
5565 6541
5567 6566
5568 8994
5569 5791
5570 9146
5571 6831
5571 6176
5573 6700
5574 6140
5574 7301
5575 8895
5576 6144
5576 6301
5577 6495
5579 8229
5580 9186
5581 7274
5581 7769
5582 9579
5583 9900
5584 5628
5585 6053
5585 7102
5585 6665
5587 7973
5589 5899
5590 7852
5591 6494
5592 9413
5594 9963
5594 6806
5595 9289
5596 5979
5596 8661
5596 7007
5596 6757
5596 8839
5597 5899
5598 9381
5599 6170
5600 7980
5602 7454
5602 8746
5603 5904
5605 7488
5606 9354
5608 7046
5610 9770
5610 9294
5611 7433
5611 8082
5613 6136
5614 8718
5615 6819
5616 7527
5618 6748
5618 9562
5620 7997
5621 7011
5622 5897
5623 9885
5625 9997
5627 7279
5628 9280
5628 7957
5630 7002
5631 6966
5633 7024
5633 7120
5639 6515
5641 7641
5642 8811
5642 8948
5642 9568
5642 7506
5643 6164
5644 6964
5645 9622
5646 9425
5647 9166
5647 9694
5647 7127
5648 7312
5652 8300
5654 5677
5655 5982
5655 7472
5657 6709
5657 5702
5658 8316
5659 6615
5660 8585
5661 6852
5663 8999
5663 6370
5666 6259
5667 8039
5667 6965
5669 8118
5669 7052
5671 7496
5672 5773
5672 6530
5673 6324
5674 7541
5675 6815
5678 6387
5679 7674
5681 5867
5681 6874
5682 9193
5683 9823
5684 6856
5685 7797
5688 8344
5690 7959
5692 8424
5692 9790
5693 5778
5694 6361
5694 7182
5695 9109
5695 9352
5697 8074
5697 8484
5698 7202
5698 8740
5699 7988
5699 6080
5701 7976
5701 8564
5702 8235
5703 8350
5703 9676
5704 7664
5705 9537
5706 9582
5706 5729
5707 7693
5710 8267
5712 7485
5714 8602
5714 9942
5715 8978
5716 8129
5717 8793
5720 6370
5721 6062
5723 8213
5725 6106
5725 6067
5726 9376
5726 7267
5729 9314
5730 7561
5731 7573
5731 9444
5731 8882
5731 7382
5733 8956
5736 7588
5738 7114
5739 6339
5739 9562
5741 9953
5742 9882
5742 6575
5743 9196
5743 8237
5744 6890
5744 5782
5746 8346
5748 9793
5749 6291
5750 6967
5751 8721
5753 6400
5754 8299
5756 9049
5756 8202
5757 6420
5758 6817
5760 6318
5761 7267
5761 6185
5763 7596
5765 6943
5769 6179
5770 8922
5771 9673
5774 7274
5775 6718
5776 8164
5777 7641
5778 9492
5779 8316
5780 6686
5784 7416
5785 9495
5787 6252
5788 7433
5790 7875
5791 7576
5792 7670
5793 7199
5794 6654
5795 7518
5795 9544
5796 7686
5797 6806
5798 6002
5799 7282
5799 7326
5799 8407
5800 8058
5800 6840
5801 6910
5801 7625
5803 7841
5803 9746
5805 9448
5806 6525
5808 9058
5809 7477
5809 5853
5810 7960
5811 6207
5817 7106
5817 8926
5818 7249
5818 6167
5819 9034
5821 8955
5823 9131
5823 9684
5824 7482
5826 6095
5828 7345
5829 7755
5831 7253
5833 7019
5833 6481
5835 7085
5837 8556
5838 6392
5838 6115
5838 8134
5839 9031
5840 9608
5841 8158
5842 7934
5843 8547
5846 8089
5846 9313
5846 8129
5846 9079
5849 9141
5849 7762
5852 8721
5853 6469
5853 8556
5853 9370
5854 8235
5854 6375
5855 6812
5856 7821
5857 8285
5858 6013
5860 9257
5862 8174
5863 7855
5864 7251
5865 8489
5866 9681
5868 9685
5869 9019
5871 6779
5875 7415
5877 8511
5877 9511
5878 7439
5881 8248
5881 9243
5882 7965
5883 5952
5884 7805
5886 7361
5886 7218
5887 7847
5888 6430
5888 6208
5889 6477
5890 8245
5895 6655
5896 8354
5896 7899
5898 6809
5900 9286
5901 7875
5903 9245
5903 6039
5904 7364
5907 6179
5909 9831
5912 8398
5912 7784
5912 6324
5913 8060
5914 7878
5915 9686
5918 8294
5921 7645
5921 8544
5922 6294
5923 7417
5923 6283
5925 8599
5926 6385
5929 7442
5931 7882
5932 7363
5935 6896
5936 9999
5937 9216
5937 6144
5938 8044
5939 7960
5941 7190
5942 8663
5944 6282
5946 7586
5948 7062
5950 7588
5953 7046
5954 6080
5955 9584
5956 6927
5957 9758
5958 6830
5960 9503
5961 8510
5963 7673
5965 7526
5966 8695
5969 6307
5970 7392
5971 6633
5971 7368
5971 6286
5972 7279
5973 8983
5974 7066
5974 6350
5975 8254
5975 6905
5976 7324
5978 9170
5983 7325
5984 9330
5984 9595
5989 9480
5989 6396
5989 6552
5991 9898
5994 7201
5994 6245
5995 7004
5998 7833
5999 9410
6000 8331
6001 6193
6001 8003
6004 9863
6004 8827
6004 7343
6006 6047
6007 8431
6007 7062
6007 7157
6008 9352
6009 7915
6010 7926
6011 8926
6012 9432
6013 6217
6015 9760
6016 6242
6016 7968
6017 8480
6018 6359
6020 7150
6022 8572
6023 6938
6024 7104
6024 6207
6026 8491
6027 7505
6028 6257
6030 8913
6032 8430
6033 9885
6034 6264
6036 9764
6038 9228
6039 6206
6040 7008
6040 7627
6042 8028
6042 8463
6042 9596
6043 7103
6046 7005
6046 7624
6047 9062
6048 7191
6050 9347
6051 7742
6054 8394
6055 6995
6058 9029
6059 7279
6060 7881
6061 7626
6061 7000
6063 7396
6065 7732
6066 9705
6067 9678
6068 6169
6069 6403
6069 6631
6070 9177
6072 7069
6073 8430
6076 7471
6077 9369
6078 9573
6079 9260
6081 6982
6082 6562
6083 8624
6085 6805
6085 8465
6086 7098
6087 8369
6088 9584
6090 6987
6090 6445
6093 7223
6095 6137
6097 7668
6098 6175
6100 7736
6104 8648
6105 8123
6108 6978
6109 9189
6112 9030
6113 9539
6114 8997
6114 7303
6115 7157
6116 9417
6117 7255
6119 7092
6121 7166
6122 8644
6124 6788
6125 8923
6127 9308
6127 8914
6129 7592
6131 7307
6131 6336
6132 8411
6134 6874
6136 9535
6136 9765
6141 7247
6147 9834
6149 9645
6149 9143
6153 8773
6154 6993
6155 9024
6156 7310
6157 6411
6157 7232
6158 7955
6158 9046
6158 7622
6160 7163
6160 8865
6162 8357
6162 9043
6162 9320
6163 6798
6167 8192
6168 6940
6168 6737
6170 7578
6170 8051
6171 7409
6171 7224
6174 7234
6174 8949
6174 6649
6174 9050
6175 7549
6179 6344
6179 8384
6179 7151
6182 7213
6182 9160
6183 6598
6185 6259
6185 9576
6186 6817
6188 7579
6189 7039
6192 9385
6194 9656
6196 9431
6198 9471
6200 8550
6201 8329
6202 7462
6203 7785
6204 9499
6205 6724
6208 8679
6209 9777
6210 8830
6210 8065
6210 8942
6212 6959
6217 6822
6218 8451
6221 9468
6223 6650
6224 8198
6224 6750
6230 8090
6231 8845
6231 9527
6232 6643
6232 8005
6233 6787
6234 9197
6235 7927
6235 7569
6236 8080
6237 9796
6241 7420
6241 9454
6243 8974
6244 7095
6245 9915
6247 8405
6247 9811
6248 6675
6248 9929
6250 9419
6251 7757
6252 8315
6254 7774
6254 9508
6254 7421
6255 8471
6257 8030
6257 9518
6257 8486
6258 8222
6259 9910
6260 7309
6264 9183
6265 9901
6267 7809
6269 8645
6270 7147
6274 6899
6275 7176
6277 9119
6278 9324
6279 9009
6280 8751
6280 7128
6281 6407
6282 9422
6282 9764
6283 6988
6285 6298
6286 6991
6288 6541
6288 6697
6289 7019
6293 7937
6294 7707
6294 7948
6295 6358
6296 6367
6297 8249
6299 7273
6299 7153
6299 6509
6299 8032
6300 9104
6301 6391
6302 8616
6302 8446
6304 7292
6306 7506
6307 7824
6308 9241
6308 9885
6309 6579
6309 8072
6311 7572
6312 9472
6313 7393
6314 8112
6314 8554
6316 7246
6319 8226
6321 8516
6322 7388
6323 9894
6323 7763
6324 7165
6325 6721
6325 7516
6326 9091
6328 7298
6329 8006
6330 7304
6334 7993
6335 9308
6336 9752
6338 7714
6340 9396
6341 8706
6342 7756
6343 8473
6345 7484
6345 7330
6346 8012
6347 7731
6349 8330
6353 7460
6355 8742
6356 7828
6356 9372
6358 9299
6359 6425
6365 9520
6366 9586
6367 8519
6368 8082
6368 6491
6368 8822
6369 7535
6369 6869
6371 7838
6372 9182
6374 9601
6375 8384
6377 8336
6378 9594
6380 9566
6381 8104
6382 8748
6382 9488
6383 8011
6384 7749
6387 9751
6391 9784
6393 6942
6395 9484
6395 9222
6396 6815
6397 8805
6399 9974
6400 9514
6402 8421
6404 8588
6405 8788
6408 8853
6409 9358
6414 6444
6416 6671
6419 7871
6420 7612
6421 6440
6422 7759
6424 8611
6428 6470
6428 6730
6429 7044
6429 9512
6429 9038
6432 6894
6433 9190
6434 9096
6435 8305
6435 9466
6436 7926
6437 7441
6439 9170
6441 7429
6444 7672
6444 9840
6445 7381
6446 7443
6447 6976
6448 9893
6450 7379
6452 7532
6453 6578
6454 7036
6454 9970
6459 8277
6459 8839
6461 7598
6464 8337
6472 9894
6474 6742
6475 7969
6476 9988
6476 9390
6477 8141
6478 9719
6478 7563
6479 9559
6481 8324
6485 9882
6486 6825
6489 9075
6492 7786
6496 9319
6496 8690
6497 7648
6500 7570
6500 7516
6501 7036
6502 8241
6502 7102
6503 7530
6504 8175
6505 7481
6505 9523
6506 9959
6509 7292
6512 7502
6513 9856
6514 6632
6515 7795
6516 7086
6516 8795
6517 9339
6517 9111
6518 9025
6519 7609
6519 7867
6521 9816
6525 8708
6526 8077
6527 8699
6528 8771
6530 8628
6531 9166
6539 6757
6542 7881
6542 8364
6545 6955
6546 8864
6546 7628
6547 9782
6548 7856
6550 9066
6551 8045
6554 7810
6556 8537
6557 6915
6557 8056
6557 8240
6557 6618
6558 7999
6558 9849
6559 8747
6559 9654
6559 7605
6562 8944
6562 9589
6563 8276
6564 9849
6566 8273
6567 7859
6571 8484
6574 9534
6575 8450
6577 9634
6581 8769
6582 9637
6583 8598
6585 7212
6592 6892
6594 8097
6595 7836
6595 7511
6596 9485
6598 8949
6600 9656
6600 7631
6602 9599
6602 9476
6603 8211
6606 9740
6610 9173
6610 8060
6612 6701
6613 7260
6613 6981
6615 6641
6617 7394
6617 9998
6620 6896
6620 8345
6621 8135
6625 8395
6627 6687
6627 8037
6629 8786
6630 7108
6636 9357
6636 7191
6638 8075
6642 6733
6642 7542
6644 6657
6644 8750
6645 9111
6647 7932
6649 9033
6650 7887
6650 7992
6652 9603
6652 9665
6654 9363
6659 7918
6660 8727
6662 9158
6662 9155
6666 6883
6666 8160
6667 9428
6667 9366
6667 7548
6669 7116
6670 9233
6671 7113
6671 9037
6672 9850
6673 9142
6674 8096
6677 6942
6678 7897
6681 9774
6682 7876
6682 9692
6684 7090
6685 6908
6688 9867
6688 9586
6690 8007
6690 8342
6690 7481
6691 7938
6692 9758
6693 7048
6694 7101
6695 7243
6696 7942
6697 6727
6698 9097
6698 8418
6699 8988
6700 8392
6700 8890
6701 8828
6702 7770
6706 6772
6707 8573
6708 8449
6710 8168
6711 7745
6711 7055
6712 7110
6712 7455
6712 8521
6713 6739
6714 8978
6715 7083
6715 8913
6717 8220
6719 8800
6719 9597
6721 8189
6730 7287
6731 8634
6734 9971
6735 9760
6737 9917
6737 9226
6741 7699
6741 9337
6744 7453
6744 9919
6749 8105
6750 6968
6750 7585
6751 8824
6751 7158
6752 9333
6758 7805
6762 7372
6765 8109
6767 8446
6769 9575
6771 7079
6771 6772
6773 9045
6776 9971
6781 8018
6782 7788
6783 7716
6783 8382
6786 8786
6787 8991
6788 8596
6790 8028
6792 8267
6794 7455
6795 9770
6796 9670
6798 7148
6798 7122
6798 8545
6801 6808
6802 9424
6803 9743
6806 9693
6807 9544
6808 8548
6809 7392
6811 7871
6812 9762
6812 7098
6814 8352
6816 9106
6824 8567
6826 9396
6827 8535
6828 6940
6832 8221
6835 8386
6835 8797
6836 8291
6836 7955
6839 9370
6840 9337
6841 8580
6842 8514
6846 9478
6846 7873
6847 9451
6848 7119
6849 9684
6851 8252
6853 7965
6858 7981
6858 9615
6859 8514
6861 9739
6864 6919
6864 9265
6866 9710
6869 9977
6875 7916
6877 8366
6877 8538
6879 8407
6880 7404
6881 7163
6882 7089
6886 8139
6889 8663
6891 6951
6891 8135
6893 9721
6895 7270
6896 8755
6899 9524
6900 7349
6901 9349
6901 6933
6906 7993
6906 8712
6907 9021
6913 7047
6917 8021
6921 8715
6923 7298
6923 7606
6924 8459
6924 8837
6930 8987
6930 9953
6932 9935
6933 8231
6934 8107
6936 9533
6939 8506
6946 9726
6947 7373
6948 7412
6949 7173
6952 8203
6953 7254
6954 7161
6956 8760
6956 7437
6957 7683
6958 8004
6960 9253
6960 9280
6961 8741
6962 8359
6963 7689
6965 7299
6965 9766
6966 7258
6970 7673
6972 7584
6973 7327
6974 8317
6977 9466
6978 7197
6978 9578
6982 7325
6983 9693
6984 8012
6985 8639
6985 9978
6988 9403
6993 8665
6993 7595
6994 8879
6995 7269
6996 9838
6999 7853
7004 7638
7005 9886
7006 8643
7006 8393
7007 9946
7010 7834
7014 8356
7017 8896
7019 7162
7020 7261
7023 9840
7025 7944
7025 9167
7026 9432
7027 9873
7027 7543
7028 9575
7029 8419
7029 8892
7030 8016
7030 8701
7033 7224
7033 8985
7034 7252
7038 9222
7042 8852
7043 8169
7043 9317
7045 8452
7047 9042
7047 8580
7048 9249
7049 8435
7052 7225
7055 9984
7056 9003
7058 7094
7058 8658
7058 9565
7059 7285
7062 7296
7063 8101
7065 9899
7067 7571
7070 8936
7071 7883
7074 8148
7074 8593
7078 9420
7080 7815
7081 9182
7084 9894
7086 8686
7087 7634
7088 8746
7088 8869
7090 8629
7090 7490
7092 8310
7093 8237
7101 9461
7105 9001
7106 8815
7107 8546
7111 7283
7112 7546
7113 7791
7115 7235
7116 8848
7117 8671
7118 7483
7118 8918
7118 8681
7119 7732
7120 8352
7122 9242
7125 8170
7130 7329
7131 7161
7133 7134
7134 9133
7135 9542
7135 9802
7136 9459
7137 8903
7140 9107
7140 8367
7141 7452
7141 7690
7141 8099
7142 9434
7143 7636
7145 7937
7147 8984
7148 8433
7150 7750
7151 7207
7151 9261
7153 7515
7155 7803
7159 9450
7161 8391
7162 8264
7165 7219
7166 9597
7167 7815
7169 7298
7171 9392
7171 9612
7176 8563
7178 9159
7181 8746
7184 7946
7185 9011
7189 8962
7190 9065
7194 7314
7198 9014
7200 9597
7200 8232
7203 7819
7206 7424
7206 7537
7210 7865
7211 8620
7214 9107
7218 8938
7218 9520
7219 8902
7220 8941
7226 9682
7227 8333
7227 8332
7228 8181
7229 9952
7229 9509
7230 7503
7231 7486
7231 7722
7233 8741
7236 8863
7236 7272
7237 9665
7240 7348
7240 8832
7241 7884
7241 9364
7242 8969
7248 9768
7249 7632
7251 7719
7254 9087
7254 9546
7255 9629
7256 7781
7257 9862
7258 9382
7259 7395
7261 9479
7263 9008
7266 9848
7268 8854
7269 9595
7277 9248
7277 8837
7278 8252
7279 9949
7280 8557
7285 8954
7285 9205
7287 8825
7291 8960
7292 9041
7293 8807
7295 9123
7296 8722
7299 7359
7300 9397
7302 9692
7304 9185
7305 7580
7307 8568
7310 8695
7314 7349
7315 8918
7318 8715
7320 9407
7321 7387
7324 9080
7326 8045
7327 7701
7328 7587
7330 9766
7331 8770
7332 7995
7334 9500
7334 7335
7336 7421
7337 8694
7339 8582
7340 8192
7344 9300
7347 9499
7350 8284
7350 8379
7350 9780
7350 9957
7351 8786
7352 9944
7353 8371
7355 8696
7357 8951
7358 8577
7358 8237
7361 7885
7364 7909
7365 8218
7366 7697
7369 8182
7369 9789
7371 8679
7373 7895
7373 8452
7374 8264
7377 9671
7377 7624
7378 8598
7378 7711
7383 7515
7389 9408
7390 8922
7391 8512
7391 8521
7391 9142
7393 7761
7395 7688
7395 8478
7396 7678
7397 8187
7400 8728
7400 8919
7402 7427
7402 9304
7403 8652
7407 7459
7407 8178
7408 8552
7411 9927
7412 8169
7413 7580
7415 7845
7416 7555
7418 9070
7418 8447
7422 7635
7423 9503
7425 7546
7426 9455
7428 8303
7429 7531
7440 8454
7441 8319
7444 9688
7446 8777
7448 7741
7450 9460
7453 7560
7453 9415
7456 9266
7457 8364
7457 8724
7458 9664
7460 7511
7467 7795
7470 9201
7477 9981
7477 9100
7482 9871
7488 8647
7489 7913
7491 8571
7495 9690
7497 9436
7502 8713
7503 9121
7503 8797
7504 8257
7506 9483
7510 8385
7512 8960
7519 8542
7522 7650
7527 8877
7530 7978
7531 9511
7532 9990
7540 8529
7542 8713
7545 8740
7550 8095
7552 8177
7554 8809
7556 9303
7556 9705
7563 8317
7564 9799
7567 7968
7568 7988
7570 8551
7572 8687
7576 8085
7576 7577
7577 9031
7582 8498
7583 8331
7584 9574
7586 8576
7588 9718
7592 8534
7593 9103
7595 9150
7597 8835
7597 8721
7598 7671
7600 8715
7604 7776
7606 8519
7609 8183
7615 7725
7616 9053
7617 8148
7618 9325
7618 8147
7619 9451
7621 7853
7623 8377
7624 8155
7624 7709
7625 9905
7628 9646
7628 9457
7630 9057
7634 9091
7635 8654
7636 7676
7647 8427
7647 8798
7648 7717
7648 9035
7648 9698
7650 9735
7653 8571
7654 8121
7656 9142
7657 7709
7658 9001
7663 9354
7665 9557
7665 8429
7666 9562
7668 9099
7670 8496
7670 9914
7677 9628
7680 9021
7682 8580
7683 7723
7687 8320
7687 8724
7690 7918
7692 8931
7693 8416
7697 8762
7699 9165
7703 9129
7703 8301
7711 9952
7718 8206
7721 8311
7725 9168
7728 7918
7729 8020
7733 8994
7734 7838
7739 9816
7743 8114
7744 9720
7746 8474
7748 8632
7751 8335
7754 9182
7761 9813
7764 9844
7766 9797
7772 9244
7773 9367
7775 9371
7779 8599
7780 9310
7780 8958
7781 8607
7782 8492
7786 9717
7789 8712
7796 7966
7797 8208
7800 9053
7801 9155
7806 8518
7806 8843
7812 8813
7814 7863
7815 8811
7816 8059
7818 8217
7820 9853
7821 8236
7822 8863
7825 9011
7826 9577
7828 8699
7828 9085
7831 9828
7831 9524
7833 8724
7835 9558
7837 7919
7837 8016
7839 9509
7840 9731
7841 8520
7843 9122
7844 7999
7848 9581
7850 8393
7851 9756
7852 8112
7853 9811
7855 9925
7858 8685
7859 8049
7861 8418
7866 8268
7866 8729
7867 9270
7869 8743
7871 9526
7872 8455
7873 8035
7878 7922
7879 8071
7888 8186
7888 8492
7889 8375
7890 9353
7891 9920
7894 8236
7896 8585
7896 9371
7897 8564
7898 9164
7900 7922
7904 8981
7907 8521
7908 9484
7909 8063
7912 7994
7912 8105
7916 8720
7916 8785
7920 9136
7922 8682
7923 8140
7923 8167
7924 9255
7924 8387
7925 9451
7930 9900
7934 9149
7935 9554
7936 8714
7939 9690
7940 7982
7940 8422
7941 8867
7942 8037
7943 8807
7945 8631
7945 8087
7947 9316
7950 9225
7954 9059
7955 7977
7956 8020
7958 8901
7960 9829
7961 8526
7964 8067
7964 8108
7966 9531
7970 8982
7972 8813
7972 8189
7973 9562
7975 8684
7978 8846
7979 9693
7981 8044
7983 9949
7988 8256
7991 8565
7993 8559
7995 9006
7995 9374
7995 9294
7998 8991
8002 8596
8002 8321
8002 8050
8003 8408
8005 8676
8008 9781
8009 8132
8013 9773
8013 8222
8014 8138
8018 8926
8019 8469
8025 8196
8025 9459
8026 9768
8027 9708
8031 8156
8034 9243
8035 9790
8038 9078
8040 8734
8041 8062
8042 9770
8046 9506
8048 8150
8049 8572
8050 8186
8054 8203
8061 9229
8065 8609
8065 9631
8066 8136
8070 9281
8073 9024
8073 8682
8079 8640
8080 9155
8083 8259
8088 8767
8092 9747
8101 9232
8106 9512
8107 9626
8107 8816
8109 9778
8111 9069
8111 9404
8113 8363
8115 8354
8116 9753
8119 9794
8120 8133
8121 9880
8124 9571
8125 8358
8129 8508
8131 8483
8136 8885
8136 9701
8138 9153
8144 8610
8147 8618
8150 8271
8151 9052
8153 8608
8155 9268
8156 9737
8157 8436
8160 8232
8163 8580
8169 8870
8170 8347
8171 9342
8173 8673
8175 9136
8178 8928
8179 8560
8180 9333
8185 8350
8187 9492
8193 8792
8197 9008
8198 9842
8202 8650
8210 9255
8219 8427
8225 9441
8228 8775
8236 8482
8236 8963
8238 8796
8239 9966
8240 8818
8243 9741
8244 9806
8249 8403
8249 9230
8251 8964
8253 8962
8255 9589
8258 8372
8258 9707
8259 9912
8261 8905
8271 9160
8272 9545
8273 9724
8274 9150
8275 8680
8276 9463
8279 8872
8285 9555
8292 9169
8294 9709
8298 9406
8299 9244
8299 9798
8301 8472
8302 9537
8303 9433
8304 8341
8307 9641
8309 8955
8309 9777
8311 9299
8312 8689
8313 9738
8317 9652
8318 9033
8319 9826
8321 9661
8322 8837
8323 9631
8324 9179
8325 8603
8325 9798
8332 9690
8333 8627
8334 8693
8336 9077
8338 9603
8340 8745
8340 8600
8343 9620
8351 9525
8354 9217
8356 9180
8361 9126
8362 8899
8364 8758
8369 8591
8369 8405
8370 8808
8371 9428
8374 9362
8374 9530
8380 9501
8380 8681
8382 9427
8383 9234
8384 9942
8390 8849
8391 9815
8393 9456
8400 8875
8401 9267
8401 9418
8405 8801
8410 9145
8423 9203
8425 8465
8426 9147
8428 9904
8439 8661
8441 9720
8447 9737
8454 9329
8454 9487
8456 9783
8457 8763
8459 9572
8467 9884
8467 8517
8468 9749
8471 9840
8475 8812
8477 9387
8479 8547
8480 9110
8485 8528
8486 8674
8487 8815
8489 8676
8498 9668
8498 9570
8499 9723
8501 9948
8505 9826
8508 9335
8516 9505
8521 8989
8521 9120
8522 9544
8523 9262
8524 9553
8527 9956
8528 8740
8544 9635
8544 8739
8545 9336
8546 8849
8552 9175
8553 8600
8553 9959
8554 8575
8555 9737
8556 9022
8565 9593
8569 9570
8577 9759
8578 8951
8584 9362
8590 9121
8593 8924
8595 9930
8597 9955
8610 8926
8613 9667
8615 9737
8619 9012
8619 9151
8621 8633
8621 9145
8628 9293
8634 9075
8635 9981
8637 8862
8638 9272
8638 9735
8641 9397
8642 9886
8646 9770
8648 9871
8649 8734
8660 9660
8662 9198
8664 9881
8669 8931
8682 9368
8683 8777
8689 9985
8693 9428
8710 8825
8714 8974
8735 8996
8752 9550
8754 9302
8758 9883
8770 9133
8774 9331
8780 9056
8784 9031
8787 9958
8789 9178
8789 9547
8797 9603
8799 9418
8804 8976
8804 8992
8810 9200
8810 8988
8819 9179
8826 9058
8832 9410
8835 8961
8840 9502
8844 9623
8850 8869
8855 9839
8856 9502
8857 9705
8858 9039
8874 9079
8874 9503
8882 9736
8884 9202
8887 9881
8888 9944
8892 9092
8894 9572
8908 9388
8909 9928
8911 9515
8914 9974
8919 9610
8920 9003
8924 9779
8934 9123
8942 9649
8945 9499
8947 9920
8951 9795
8967 8996
8977 8995
8979 9030
8996 9580
9002 9513
9018 9425
9030 9632
9031 9515
9034 9808
9035 9664
9036 9787
9052 9359
9055 9802
9057 9586
9079 9990
9086 9790
9093 9696
9095 9296
9098 9291
9108 9158
9114 9168
9134 9702
9137 9315
9144 9316
9154 9604
9155 9563
9156 9374
9180 9471
9183 9935
9209 9362
9213 9731
9215 9413
9226 9891
9243 9685
9247 9879
9250 9416
9254 9599
9256 9702
9256 9475
9262 9546
9265 9872
9274 9641
9282 9693
9287 9733
9291 9830
9300 9693
9303 9336
9305 9531
9306 9864
9307 9319
9309 9991
9311 9537
9322 9830
9333 9436
9339 9387
9346 9559
9375 9762
9380 9906
9402 9406
9408 9569
9409 9688
9411 9993
9416 9703
9429 9639
9437 9913
9446 9767
9467 9844
9479 9585
9479 9705
9480 9528
9481 9499
9506 9825
9517 9927
9523 9886
9540 9761
9543 9843
9543 9582
9561 9757
9567 9873
9568 9906
9584 9855
9593 9928
9614 9715
9618 9658
9619 9724
9627 9630
9645 9796
9666 9712
9671 9920
9673 9903
9694 9804
9705 9887
9708 9729
9712 9820
9718 9841
9719 9983
9731 9941
9756 9903
9804 9928
9832 9938
9841 9989
9913 9994
9927 9966
9931 9956
9941 9973
