500 499
0 13
0 346
1 288
2 334
2 33
3 202
3 246
3 169
4 407
5 278
5 423
6 390
7 302
7 374
8 111
9 40
10 385
10 164
10 469
11 439
11 76
12 55
12 165
12 344
12 302
13 400
14 264
15 404
16 312
16 127
17 127
17 189
18 92
18 288
18 363
19 126
20 486
21 429
21 491
22 488
22 205
23 268
23 432
23 201
24 219
24 482
24 202
25 203
25 113
26 188
27 472
28 207
28 59
29 323
29 472
29 111
29 269
30 67
30 232
30 235
31 335
31 352
32 374
33 239
34 107
35 324
35 285
36 240
36 380
36 342
37 339
38 247
38 273
38 205
39 358
40 99
40 298
40 195
41 204
41 97
42 101
43 352
44 159
44 488
45 347
46 114
46 333
47 424
47 167
48 348
48 309
49 146
50 121
50 186
51 354
51 219
52 174
53 468
54 383
55 258
56 400
57 349
57 422
57 176
58 480
59 443
60 276
60 229
61 272
61 410
62 331
62 154
63 156
63 457
63 487
63 460
64 486
64 187
65 318
65 204
66 132
68 80
68 336
68 77
69 142
69 428
69 73
70 223
70 317
70 183
71 284
71 278
72 435
73 136
74 117
74 307
74 441
75 249
75 197
76 348
77 479
77 91
78 350
79 150
79 137
79 140
79 277
79 428
80 89
81 148
81 494
82 484
82 90
83 199
84 437
85 214
85 418
86 192
87 240
88 127
89 213
90 381
90 419
90 277
91 389
91 289
93 288
94 238
94 358
95 303
95 237
95 480
95 198
96 323
97 329
97 270
98 329
100 445
101 249
102 467
102 316
103 293
103 171
104 132
105 408
105 332
105 379
105 339
106 341
107 124
107 403
107 160
108 487
109 281
110 348
111 242
112 162
113 379
114 122
115 181
115 477
116 176
117 228
118 377
118 235
119 440
119 441
120 455
123 158
123 165
125 442
125 414
126 152
127 135
127 407
128 388
129 343
129 389
130 188
130 377
131 406
131 291
132 394
132 400
133 414
134 303
136 361
137 433
137 445
138 257
139 199
140 465
141 346
141 443
141 158
143 350
143 390
143 393
144 460
145 197
145 205
146 155
146 423
146 310
147 376
149 449
149 471
149 435
151 211
151 435
152 449
153 340
153 377
154 469
154 220
157 454
157 293
160 499
161 174
162 291
163 275
163 210
163 460
163 327
164 297
164 311
165 198
165 187
166 330
166 196
167 395
168 291
169 226
169 277
170 287
171 373
171 337
172 266
172 344
173 304
174 432
175 347
176 472
177 412
178 436
178 356
178 359
179 474
179 207
180 242
181 231
181 262
181 448
182 397
183 271
184 263
184 256
185 189
186 334
188 327
189 361
190 329
191 293
192 434
193 493
193 456
193 439
194 493
195 352
196 485
198 315
199 396
200 295
200 318
201 458
201 372
203 342
205 242
206 459
208 376
208 399
209 269
210 444
211 320
211 418
211 415
212 427
212 308
214 431
215 457
216 401
216 352
216 293
217 389
218 264
218 229
218 398
218 335
220 456
221 434
222 366
222 481
222 294
224 412
224 413
225 477
226 365
226 453
226 289
227 364
230 313
230 455
232 392
232 413
232 395
233 486
234 382
234 370
235 311
236 270
236 490
237 360
238 434
239 352
241 393
242 351
242 475
243 449
244 257
244 397
245 470
245 374
246 498
248 433
250 342
251 426
251 310
251 342
252 320
253 419
254 394
255 353
256 265
256 285
257 260
259 328
259 291
260 357
261 464
261 344
267 414
269 391
269 463
271 460
272 384
273 387
273 478
273 339
274 425
275 362
275 402
276 345
279 333
279 471
280 332
281 432
282 292
282 459
283 449
284 396
285 483
285 305
286 383
286 393
286 447
287 303
288 309
290 308
291 344
294 415
296 435
296 307
299 435
300 388
301 330
304 371
304 364
305 423
306 451
307 314
308 411
310 492
312 416
313 367
316 414
319 380
321 341
321 476
322 422
325 352
326 496
326 414
328 461
328 463
332 473
334 468
336 363
337 395
338 392
339 490
343 370
343 405
347 462
352 388
352 358
353 447
353 480
354 430
355 460
356 485
358 364
358 455
359 451
361 451
363 497
367 494
368 496
369 462
369 481
372 406
374 418
375 458
378 493
379 414
381 417
382 404
386 487
390 397
391 459
391 489
395 409
399 448
400 425
403 446
407 491
410 435
411 441
412 450
420 435
421 429
426 466
431 437
438 481
441 499
451 462
452 477
452 478
453 476
475 495
