1000 999
0 605
0 132
1 381
1 309
1 846
1 22
2 581
2 640
3 26
3 811
3 570
4 142
4 192
4 486
5 213
5 707
6 549
6 164
7 268
7 440
7 945
7 969
7 843
8 745
8 812
8 860
9 982
9 991
9 377
10 640
10 454
11 841
12 468
13 987
14 838
15 241
15 155
15 377
16 931
16 542
17 783
18 957
19 903
19 429
20 464
20 469
21 545
22 884
23 865
24 259
24 942
24 916
25 333
25 841
25 567
25 617
26 491
27 546
27 453
28 828
28 309
29 58
29 283
29 923
29 787
29 867
30 905
30 983
31 620
31 870
31 930
32 912
32 297
32 449
33 980
34 392
34 432
35 384
35 709
36 939
36 125
36 382
36 51
37 245
38 783
39 543
39 661
40 754
41 361
42 197
42 438
43 572
43 93
44 298
44 327
44 78
45 456
45 823
46 626
47 104
47 55
47 643
48 973
49 479
50 215
51 937
51 319
52 265
52 786
52 770
53 159
53 747
54 105
55 244
56 869
56 615
57 438
59 137
60 299
61 673
61 84
61 213
62 349
63 183
64 442
65 625
65 353
66 72
66 136
67 872
67 165
68 536
69 971
70 654
70 105
71 173
71 559
73 210
74 909
75 637
75 443
75 560
75 598
76 822
77 122
78 562
79 825
79 496
79 703
80 345
80 636
80 402
81 733
81 774
82 662
83 124
84 955
85 556
86 902
86 143
87 240
87 828
88 458
89 884
89 850
90 515
90 374
91 412
92 312
92 115
93 206
93 163
94 483
95 248
95 473
95 708
96 651
97 555
98 769
99 609
99 810
100 917
100 999
101 712
101 873
102 713
102 415
103 592
105 922
106 646
106 321
107 401
107 715
107 396
108 592
109 446
110 932
110 799
111 288
111 332
112 277
112 801
112 848
113 731
113 154
114 536
115 134
116 895
117 334
118 530
118 805
119 205
119 623
119 789
120 804
120 855
120 923
121 823
121 374
122 963
122 676
123 562
124 833
124 875
125 951
126 584
126 645
126 831
126 332
127 235
128 219
128 849
129 696
130 881
130 771
131 143
131 194
132 724
133 258
134 979
134 511
135 975
136 363
136 979
137 909
138 766
138 815
139 498
139 971
140 316
140 406
141 621
144 806
144 706
145 488
146 702
146 489
147 689
147 297
148 724
148 203
149 758
150 840
150 994
151 484
151 976
152 439
152 257
153 544
154 352
154 463
154 716
155 280
155 588
155 614
156 657
157 233
157 524
158 902
159 402
159 596
160 190
160 895
160 952
160 737
160 486
161 750
161 288
162 313
163 481
164 317
164 533
165 535
165 592
166 927
166 560
167 590
167 680
168 623
169 342
169 684
169 400
170 875
170 296
171 972
172 935
174 376
175 745
176 723
176 368
177 788
177 260
178 796
178 791
179 653
179 314
180 713
181 743
181 851
181 673
182 629
183 257
183 682
183 860
183 559
184 893
184 259
185 225
186 514
187 455
187 260
187 926
188 877
189 444
189 994
189 666
190 576
191 558
191 728
192 223
192 876
193 591
194 328
195 442
196 635
198 228
198 704
198 632
198 557
199 630
199 943
199 571
200 965
200 558
201 720
202 987
202 953
203 336
204 726
205 472
206 913
206 687
206 852
207 249
207 419
208 578
209 543
210 412
210 533
210 975
211 525
212 365
212 397
214 660
214 338
215 276
216 985
216 335
217 294
217 978
218 460
220 705
221 598
222 321
222 867
223 538
224 565
225 226
225 626
226 808
227 303
227 836
227 718
229 301
230 974
231 509
231 857
232 918
232 619
233 921
234 742
234 863
235 514
236 268
237 349
237 386
238 954
239 400
239 697
239 842
242 878
243 906
243 307
245 936
246 347
246 380
246 719
246 759
247 508
249 390
250 920
250 328
250 591
251 426
252 522
253 829
254 937
255 340
255 883
256 888
258 488
260 569
261 983
261 737
262 776
262 845
262 950
263 683
264 833
266 865
266 621
267 932
269 900
270 636
271 681
272 324
273 507
273 328
274 610
274 849
274 843
275 311
275 769
276 566
276 747
278 970
278 647
279 822
279 349
280 302
281 318
281 791
281 756
282 796
283 691
284 474
284 978
285 528
285 695
286 730
287 458
289 670
289 721
290 568
290 870
291 741
291 516
292 564
292 627
292 778
292 536
293 471
293 709
294 868
294 304
295 804
296 769
297 454
299 693
300 643
300 326
301 807
301 518
303 780
304 663
304 559
305 939
306 745
307 911
307 343
308 677
308 431
308 747
308 925
310 998
311 585
311 763
313 699
313 816
314 332
315 841
316 416
316 986
318 330
319 567
320 678
322 847
322 479
323 326
323 722
324 926
325 491
326 839
327 829
328 949
328 964
329 791
330 541
331 522
331 424
331 443
332 354
332 816
332 759
334 555
335 787
336 795
337 946
337 715
338 350
339 924
339 407
340 542
340 976
341 734
341 370
343 866
343 568
344 494
344 835
345 512
346 448
346 438
348 754
349 459
350 651
351 919
351 519
353 495
353 931
355 573
355 820
355 613
356 598
356 703
357 890
358 837
359 519
360 417
360 447
361 370
361 761
361 524
361 705
362 890
362 524
364 720
365 604
365 805
366 599
366 442
366 808
367 418
367 834
368 985
369 956
371 746
371 844
371 700
372 401
373 988
374 492
374 638
374 718
375 377
376 559
377 705
378 793
379 463
382 722
382 468
382 933
383 703
383 997
385 767
385 393
386 770
386 890
387 872
388 983
389 450
389 495
390 447
391 406
391 550
392 709
393 881
394 638
395 834
395 632
396 606
397 709
398 677
399 458
399 701
401 679
403 608
403 410
404 848
404 956
404 945
405 516
405 597
407 409
407 738
407 933
408 960
410 935
410 598
411 504
411 728
413 854
414 586
414 483
415 531
415 655
415 901
415 500
419 461
420 529
421 427
422 486
423 770
424 858
424 661
425 603
425 735
426 773
427 701
428 727
429 435
429 570
429 782
430 446
430 686
431 835
431 948
432 821
432 711
433 895
434 800
434 657
436 693
437 862
437 693
438 698
438 792
440 671
441 474
442 861
444 764
445 454
446 618
446 500
447 756
449 582
449 560
450 749
451 510
452 470
452 579
453 857
453 896
454 922
457 876
460 769
461 516
462 662
465 848
466 488
466 793
466 707
467 817
467 962
467 600
467 843
467 917
468 642
468 940
469 585
474 748
475 971
476 553
477 714
477 481
478 752
478 667
479 704
480 686
481 697
482 816
483 871
485 910
486 935
487 995
488 773
489 972
490 554
493 996
493 594
494 909
496 771
497 836
499 844
501 653
502 587
502 870
503 956
504 810
505 757
505 896
505 846
506 941
508 543
510 888
510 900
510 608
511 993
513 887
514 527
517 928
517 586
518 924
519 632
520 696
521 729
523 954
524 669
524 647
525 894
525 708
526 626
526 687
527 886
527 661
529 617
529 559
530 781
532 762
532 727
533 548
534 991
536 550
537 739
537 874
537 771
539 910
539 950
539 596
540 801
542 611
542 561
543 666
544 620
545 551
545 803
547 877
550 738
552 580
552 813
552 714
553 803
553 809
554 810
555 683
555 774
556 584
557 855
560 621
561 751
561 973
562 709
563 769
563 625
565 694
565 723
569 624
569 854
571 716
571 947
572 701
574 613
574 958
574 756
575 980
576 729
577 688
578 914
578 633
579 674
581 830
583 978
583 952
586 814
589 637
591 687
592 675
593 760
593 706
593 854
594 822
595 672
595 786
597 956
600 977
601 918
602 760
603 652
606 673
607 796
610 779
610 882
612 661
613 744
615 889
615 659
616 735
616 832
616 981
616 665
616 619
619 795
621 904
622 998
626 695
628 692
628 932
629 962
631 671
633 980
634 686
634 695
635 690
636 944
637 892
637 936
639 669
641 758
641 909
643 784
644 664
644 670
648 722
649 947
650 726
650 727
650 731
651 883
654 863
654 718
656 947
656 832
657 998
658 877
659 921
662 698
664 797
664 700
665 961
667 897
668 802
670 717
670 916
670 883
672 777
674 843
675 878
675 927
676 794
676 706
678 680
678 766
681 897
681 974
685 895
688 980
689 708
690 770
693 990
696 873
703 790
705 917
707 785
707 915
708 815
710 955
711 837
712 725
713 993
718 827
720 819
720 905
721 872
728 783
730 792
732 848
733 736
740 917
745 755
747 853
750 925
753 857
754 823
759 821
765 953
766 792
766 864
768 924
772 802
774 850
774 836
775 934
775 965
782 902
783 929
785 968
787 998
788 898
789 943
795 922
798 846
799 997
799 852
802 863
809 924
810 938
811 879
813 929
814 941
816 959
818 990
818 858
819 972
824 911
826 888
830 908
837 872
838 933
841 930
841 984
842 880
849 980
856 885
859 899
867 915
867 961
871 893
873 905
876 975
877 965
880 999
885 999
887 909
891 981
897 899
901 953
904 966
905 995
907 978
922 989
923 992
926 977
929 960
953 988
954 966
957 982
967 989
971 976
974 991
