100 99
0 32
0 46
1 66
1 60
1 76
1 4
2 40
2 55
2 81
2 77
3 15
4 10
4 84
4 44
5 44
5 45
6 54
6 25
7 92
7 82
7 9
8 19
9 80
9 15
9 99
11 33
12 69
12 74
13 33
14 19
15 33
15 39
16 32
17 87
17 41
18 79
18 62
19 61
19 32
20 47
20 93
20 50
21 40
22 87
23 99
24 30
24 39
25 38
26 34
27 34
27 89
28 72
29 63
29 42
30 74
31 78
31 75
32 41
32 45
34 90
35 88
35 83
36 84
37 68
38 95
38 90
41 67
42 99
43 55
46 85
46 91
46 49
46 63
48 64
48 70
49 72
49 94
50 73
51 67
52 80
53 77
53 98
56 86
56 64
57 87
58 64
59 99
60 89
62 96
62 88
65 82
68 73
69 98
70 93
71 73
71 82
72 75
76 83
84 97
